% Copyright (C) 2009 Ulf Lorenz
%
% This file is under public domain. You may modify or incorporate it into other
% works without any restrictions.
%
% shape of the turn-on pulse. Values are taken from figure 1
% of PRL 65:2355, which gives t_0 = 230 fs. Note that this data is the pulse
% shape eq. (7) as a function of t' = t-t_0, so the pulse has to be delayed
% properly in the initialisation file!
-9513 0
-9465.19598 0.002429645054
-9417.39196 0.004888727568
-9369.58794 0.007377571371
-9321.78392 0.00989650258
-9273.979899 0.01244584956
-9226.175879 0.01502594289
-9178.371859 0.0176371153
-9130.567839 0.02027970167
-9082.763819 0.02295403893
-9034.959799 0.02566046604
-8987.155779 0.0283993239
-8939.351759 0.03117095535
-8891.547739 0.03397570504
-8843.743719 0.03681391941
-8795.939698 0.0396859466
-8748.135678 0.04259213636
-8700.331658 0.04553284002
-8652.527638 0.04850841034
-8604.723618 0.05151920149
-8556.919598 0.05456556888
-8509.115578 0.05764786914
-8461.311558 0.06076645998
-8413.507538 0.06392170005
-8365.703518 0.06711394888
-8317.899497 0.07034356676
-8270.095477 0.07361091455
-8222.291457 0.07691635361
-8174.487437 0.08026024566
-8126.683417 0.08364295261
-8078.879397 0.08706483639
-8031.075377 0.09052625886
-7983.271357 0.09402758159
-7935.467337 0.09756916569
-7887.663317 0.1011513717
-7839.859296 0.1047745592
-7792.055276 0.1084390869
-7744.251256 0.1121453124
-7696.447236 0.1158935915
-7648.643216 0.1196842786
-7600.839196 0.1235177263
-7553.035176 0.127394285
-7505.231156 0.1313143026
-7457.427136 0.1352781244
-7409.623116 0.139286093
-7361.819095 0.1433385476
-7314.015075 0.1474358241
-7266.211055 0.1515782544
-7218.407035 0.1557661665
-7170.603015 0.1599998839
-7122.798995 0.1642797254
-7074.994975 0.1686060046
-7027.190955 0.1729790298
-6979.386935 0.1773991033
-6931.582915 0.1818665212
-6883.778894 0.186381573
-6835.974874 0.1909445411
-6788.170854 0.1955557005
-6740.366834 0.2002153183
-6692.562814 0.2049236531
-6644.758794 0.2096809547
-6596.954774 0.2144874636
-6549.150754 0.2193434103
-6501.346734 0.2242490152
-6453.542714 0.2292044876
-6405.738693 0.2342100253
-6357.934673 0.2392658143
-6310.130653 0.2443720277
-6262.326633 0.2495288255
-6214.522613 0.2547363541
-6166.718593 0.2599947451
-6118.914573 0.265304115
-6071.110553 0.2706645648
-6023.306533 0.2760761787
-5975.502513 0.2815390238
-5927.698492 0.2870531493
-5879.894472 0.2926185857
-5832.090452 0.2982353442
-5784.286432 0.3039034157
-5736.482412 0.3096227699
-5688.678392 0.3153933551
-5640.874372 0.3212150966
-5593.070352 0.3270878962
-5545.266332 0.3330116317
-5497.462312 0.3389861552
-5449.658291 0.3450112929
-5401.854271 0.3510868439
-5354.050251 0.3572125791
-5306.246231 0.3633882407
-5258.442211 0.3696135409
-5210.638191 0.3758881609
-5162.834171 0.38221175
-5115.030151 0.3885839249
-5067.226131 0.395004268
-5019.422111 0.401472327
-4971.61809 0.4079876136
-4923.81407 0.4145496023
-4876.01005 0.4211577297
-4828.20603 0.4278113932
-4780.40201 0.4345099501
-4732.59799 0.4412527162
-4684.79397 0.4480389651
-4636.98995 0.454867927
-4589.18593 0.4617387876
-4541.38191 0.4686506869
-4493.577889 0.4756027184
-4445.773869 0.4825939279
-4397.969849 0.4896233125
-4350.165829 0.4966898196
-4302.361809 0.5037923455
-4254.557789 0.5109297351
-4206.753769 0.5181007804
-4158.949749 0.5253042196
-4111.145729 0.5325387362
-4063.341709 0.5398029584
-4015.537688 0.5470954577
-3967.733668 0.5544147483
-3919.929648 0.5617592866
-3872.125628 0.5691274697
-3824.321608 0.5765176356
-3776.517588 0.5839280618
-3728.713568 0.591356965
-3680.909548 0.5988025006
-3633.105528 0.6062627621
-3585.301508 0.6137357807
-3537.497487 0.6212195248
-3489.693467 0.6287119001
-3441.889447 0.6362107489
-3394.085427 0.6437138505
-3346.281407 0.6512189207
-3298.477387 0.6587236121
-3250.673367 0.6662255142
-3202.869347 0.6737221538
-3155.065327 0.6812109951
-3107.261307 0.6886894403
-3059.457286 0.6961548303
-3011.653266 0.703604445
-2963.849246 0.7110355047
-2916.045226 0.7184451705
-2868.241206 0.7258305458
-2820.437186 0.7331886773
-2772.633166 0.7405165561
-2724.829146 0.7478111197
-2677.025126 0.7550692534
-2629.221106 0.7622877918
-2581.417085 0.7694635212
-2533.613065 0.776593181
-2485.809045 0.7836734668
-2438.005025 0.790701032
-2390.201005 0.7976724905
-2342.396985 0.8045844197
-2294.592965 0.8114333629
-2246.788945 0.8182158326
-2198.984925 0.8249283131
-2151.180905 0.8315672646
-2103.376884 0.8381291258
-2055.572864 0.8446103179
-2007.768844 0.8510072483
-1959.964824 0.857316314
-1912.160804 0.8635339063
-1864.356784 0.8696564143
-1816.552764 0.8756802292
-1768.748744 0.8816017489
-1720.944724 0.8874173822
-1673.140704 0.8931235533
-1625.336683 0.8987167066
-1577.532663 0.9041933114
-1529.728643 0.9095498666
-1481.924623 0.9147829054
-1434.120603 0.9198890006
-1386.316583 0.924864769
-1338.512563 0.929706877
-1290.708543 0.934412045
-1242.904523 0.9389770528
-1195.100503 0.9433987444
-1147.296482 0.9476740329
-1099.492462 0.9517999058
-1051.688442 0.9557734293
-1003.884422 0.9595917538
-956.080402 0.9632521181
-908.2763819 0.9667518543
-860.4723618 0.9700883923
-812.6683417 0.9732592643
-764.8643216 0.9762621093
-717.0603015 0.9790946768
-669.2562814 0.9817548311
-621.4522613 0.9842405552
-573.6482412 0.9865499544
-525.8442211 0.9886812597
-478.040201 0.9906328312
-430.2361809 0.9924031608
-382.4321608 0.9939908754
-334.6281407 0.9953947396
-286.8241206 0.9966136574
-239.0201005 0.9976466747
-191.2160804 0.9984929813
-143.4120603 0.999151912
-95.6080402 0.9996229481
-47.8040201 0.9999057184
0 1
