  0.250   0.700    287598.205  
  0.300   0.700    287598.205  
  0.350   0.700    287598.205  
  0.400   0.700    287598.205  
  0.450   0.700    287598.205  
  0.500   0.700    287598.205  
  0.550   0.700    287598.205  
  0.600   0.700    236965.646  
  0.650   0.700    198557.766  
  0.700   0.700    168884.935  
  0.750   0.700    145445.155  
  0.800   0.700    119437.533  
  0.850   0.700    104271.907  
  0.900   0.700     91718.017  
  0.950   0.700     81183.285  
  1.000   0.700     72272.656  
  1.050   0.700     64656.923  
  1.100   0.700     58138.557  
  1.150   0.700     52563.927  
  1.200   0.700     47779.403  
  1.250   0.700     43697.194  
  1.300   0.700     40207.564  
  1.350   0.700     37244.670  
  1.400   0.700     34720.724  
  1.450   0.700     32569.882  
  1.500   0.700     30770.199  
  1.550   0.700     29255.831  
  1.600   0.700     28004.831  
  1.650   0.700     26951.358  
  1.700   0.700     26073.464  
  1.750   0.700     25349.201  
  1.800   0.700     24756.622  
  1.850   0.700     24273.780  
  1.900   0.700     23878.728  
  1.950   0.700     23571.465  
  2.000   0.700     23308.096  
  2.050   0.700     23132.517  
  2.100   0.700     22956.939  
  2.150   0.700     22858.175  
  2.200   0.700     22759.412  
  2.250   0.700     22704.544  
  2.300   0.700     22649.676  
  2.350   0.700     22627.728  
  2.400   0.700     22605.781  
  2.450   0.700     22605.781  
  2.500   0.700     22605.781  
  2.550   0.700     22605.781  
  2.600   0.700     22605.781  
  2.650   0.700     22605.781  
  2.700   0.700     22605.781  
  2.750   0.700     22605.781  
  2.800   0.700     22605.781  
  2.850   0.700     22605.781  
  2.900   0.700     22605.781  
  2.950   0.700     22605.781  
  3.000   0.700     22605.781  

  0.250   0.750    287598.205  
  0.300   0.750    287598.205  
  0.350   0.750    287598.205  
  0.400   0.750    287598.205  
  0.450   0.750    287598.205  
  0.500   0.750    287598.205  
  0.550   0.750    287598.205  
  0.600   0.750    236965.646  
  0.650   0.750    198557.766  
  0.700   0.750    168884.935  
  0.750   0.750    145445.155  
  0.800   0.750    119437.533  
  0.850   0.750    104271.907  
  0.900   0.750     91718.017  
  0.950   0.750     81183.285  
  1.000   0.750     72272.656  
  1.050   0.750     64656.923  
  1.100   0.750     58138.557  
  1.150   0.750     52563.927  
  1.200   0.750     47779.403  
  1.250   0.750     43697.194  
  1.300   0.750     40207.564  
  1.350   0.750     37244.670  
  1.400   0.750     34720.724  
  1.450   0.750     32569.882  
  1.500   0.750     30770.199  
  1.550   0.750     29255.831  
  1.600   0.750     28004.831  
  1.650   0.750     26951.358  
  1.700   0.750     26073.464  
  1.750   0.750     25349.201  
  1.800   0.750     24756.622  
  1.850   0.750     24273.780  
  1.900   0.750     23878.728  
  1.950   0.750     23571.465  
  2.000   0.750     23308.096  
  2.050   0.750     23132.517  
  2.100   0.750     22956.939  
  2.150   0.750     22858.175  
  2.200   0.750     22759.412  
  2.250   0.750     22704.544  
  2.300   0.750     22649.676  
  2.350   0.750     22627.728  
  2.400   0.750     22605.781  
  2.450   0.750     22605.781  
  2.500   0.750     22605.781  
  2.550   0.750     22605.781  
  2.600   0.750     22605.781  
  2.650   0.750     22605.781  
  2.700   0.750     22605.781  
  2.750   0.750     22605.781  
  2.800   0.750     22605.781  
  2.850   0.750     22605.781  
  2.900   0.750     22605.781  
  2.950   0.750     22605.781  
  3.000   0.750     22605.781  

  0.250   0.800    287598.205  
  0.300   0.800    287598.205  
  0.350   0.800    287598.205  
  0.400   0.800    287598.205  
  0.450   0.800    287598.205  
  0.500   0.800    287598.205  
  0.550   0.800    287598.205  
  0.600   0.800    236965.646  
  0.650   0.800    198557.766  
  0.700   0.800    168884.935  
  0.750   0.800    145445.155  
  0.800   0.800    119437.533  
  0.850   0.800    104271.907  
  0.900   0.800     91718.017  
  0.950   0.800     81183.285  
  1.000   0.800     72272.656  
  1.050   0.800     64656.923  
  1.100   0.800     58138.557  
  1.150   0.800     52563.927  
  1.200   0.800     47779.403  
  1.250   0.800     43697.194  
  1.300   0.800     40207.564  
  1.350   0.800     37244.670  
  1.400   0.800     34720.724  
  1.450   0.800     32569.882  
  1.500   0.800     30770.199  
  1.550   0.800     29255.831  
  1.600   0.800     28004.831  
  1.650   0.800     26951.358  
  1.700   0.800     26073.464  
  1.750   0.800     25349.201  
  1.800   0.800     24756.622  
  1.850   0.800     24273.780  
  1.900   0.800     23878.728  
  1.950   0.800     23571.465  
  2.000   0.800     23308.096  
  2.050   0.800     23132.517  
  2.100   0.800     22956.939  
  2.150   0.800     22858.175  
  2.200   0.800     22759.412  
  2.250   0.800     22704.544  
  2.300   0.800     22649.676  
  2.350   0.800     22627.728  
  2.400   0.800     22605.781  
  2.450   0.800     22605.781  
  2.500   0.800     22605.781  
  2.550   0.800     22605.781  
  2.600   0.800     22605.781  
  2.650   0.800     22605.781  
  2.700   0.800     22605.781  
  2.750   0.800     22605.781  
  2.800   0.800     22605.781  
  2.850   0.800     22605.781  
  2.900   0.800     22605.781  
  2.950   0.800     22605.781  
  3.000   0.800     22605.781  

  0.250   0.850    287598.205  
  0.300   0.850    287598.205  
  0.350   0.850    287598.205  
  0.400   0.850    287598.205  
  0.450   0.850    287598.205  
  0.500   0.850    287598.205  
  0.550   0.850    275022.368  
  0.600   0.850    235835.357  
  0.650   0.850    200039.213  
  0.700   0.850    169192.198  
  0.750   0.850    144490.445  
  0.800   0.850    120798.269  
  0.850   0.850    104612.091  
  0.900   0.850     91542.439  
  0.950   0.850     80930.890  
  1.000   0.850     71954.420  
  1.050   0.850     64316.738  
  1.100   0.850     57787.399  
  1.150   0.850     52201.796  
  1.200   0.850     47406.298  
  1.250   0.850     43324.089  
  1.300   0.850     39834.458  
  1.350   0.850     36860.591  
  1.400   0.850     34336.645  
  1.450   0.850     32185.803  
  1.500   0.850     30386.120  
  1.550   0.850     28871.752  
  1.600   0.850     27609.779  
  1.650   0.850     26556.306  
  1.700   0.850     25678.411  
  1.750   0.850     24954.148  
  1.800   0.850     24350.596  
  1.850   0.850     23867.754  
  1.900   0.850     23472.702  
  1.950   0.850     23154.465  
  2.000   0.850     22880.123  
  2.050   0.850     22748.439  
  2.100   0.850     22572.860  
  2.150   0.850     22858.175  
  2.200   0.850     22759.412  
  2.250   0.850     22704.544  
  2.300   0.850     22649.676  
  2.350   0.850     22627.728  
  2.400   0.850     22605.781  
  2.450   0.850     22605.781  
  2.500   0.850     22605.781  
  2.550   0.850     22605.781  
  2.600   0.850     22605.781  
  2.650   0.850     22605.781  
  2.700   0.850     22605.781  
  2.750   0.850     22605.781  
  2.800   0.850     22605.781  
  2.850   0.850     22605.781  
  2.900   0.850     22605.781  
  2.950   0.850     22605.781  
  3.000   0.850     22605.781  

  0.250   0.900    287598.205  
  0.300   0.900    287598.205  
  0.350   0.900    287598.205  
  0.400   0.900    287598.205  
  0.450   0.900    287598.205  
  0.500   0.900    275022.368  
  0.550   0.900    262446.531  
  0.600   0.900    234705.068  
  0.650   0.900    201520.660  
  0.700   0.900    169499.461  
  0.750   0.900    143535.734  
  0.800   0.900    122159.006  
  0.850   0.900    104952.276  
  0.900   0.900     91366.860  
  0.950   0.900     80678.495  
  1.000   0.900     71636.183  
  1.050   0.900     63976.554  
  1.100   0.900     57436.241  
  1.150   0.900     51839.664  
  1.200   0.900     47033.192  
  1.250   0.900     42950.984  
  1.300   0.900     39461.353  
  1.350   0.900     36476.512  
  1.400   0.900     33952.566  
  1.450   0.900     31801.725  
  1.500   0.900     30002.041  
  1.550   0.900     28487.673  
  1.600   0.900     27214.726  
  1.650   0.900     26161.253  
  1.700   0.900     25283.359  
  1.750   0.900     24559.096  
  1.800   0.900     23944.570  
  1.850   0.900     23461.728  
  1.900   0.900     23066.675  
  1.950   0.900     22737.465  
  2.000   0.900     22452.149  
  2.050   0.900     22320.465  
  2.100   0.900     22188.781  
  2.150   0.900     22474.097  
  2.200   0.900     22759.412  
  2.250   0.900     22704.544  
  2.300   0.900     22649.676  
  2.350   0.900     22627.728  
  2.400   0.900     22605.781  
  2.450   0.900     22605.781  
  2.500   0.900     22605.781  
  2.550   0.900     22605.781  
  2.600   0.900     22605.781  
  2.650   0.900     22605.781  
  2.700   0.900     22605.781  
  2.750   0.900     22605.781  
  2.800   0.900     22605.781  
  2.850   0.900     22605.781  
  2.900   0.900     22605.781  
  2.950   0.900     22605.781  
  3.000   0.900     22605.781  

  0.250   0.950    287598.205  
  0.300   0.950    287598.205  
  0.350   0.950    287598.205  
  0.400   0.950    287598.205  
  0.450   0.950    287598.205  
  0.500   0.950    275022.368  
  0.550   0.950    257947.322  
  0.600   0.950    230293.648  
  0.650   0.950    197229.951  
  0.700   0.950    165472.121  
  0.750   0.950    139881.499  
  0.800   0.950    118954.691  
  0.850   0.950    102132.040  
  0.900   0.950     88809.992  
  0.950   0.950     78286.233  
  1.000   0.950     69397.552  
  1.050   0.950     61880.582  
  1.100   0.950     55460.979  
  1.150   0.950     49974.139  
  1.200   0.950     45277.404  
  1.250   0.950     41272.010  
  1.300   0.950     37859.196  
  1.350   0.950     34940.197  
  1.400   0.950     32471.119  
  1.450   0.950     30375.146  
  1.500   0.950     28608.384  
  1.550   0.950     27126.937  
  1.600   0.950     25886.911  
  1.650   0.950     24866.359  
  1.700   0.950     24010.412  
  1.750   0.950     23297.123  
  1.800   0.950     22715.518  
  1.850   0.950     22243.649  
  1.900   0.950     21859.571  
  1.950   0.950     21541.334  
  2.000   0.950     21256.018  
  2.050   0.950     21135.308  
  2.100   0.950     21003.624  
  2.150   0.950     21288.939  
  2.200   0.950     22759.412  
  2.250   0.950     22704.544  
  2.300   0.950     22649.676  
  2.350   0.950     22627.728  
  2.400   0.950     22605.781  
  2.450   0.950     22605.781  
  2.500   0.950     22605.781  
  2.550   0.950     22605.781  
  2.600   0.950     22605.781  
  2.650   0.950     22605.781  
  2.700   0.950     22605.781  
  2.750   0.950     22605.781  
  2.800   0.950     22605.781  
  2.850   0.950     22605.781  
  2.900   0.950     22605.781  
  2.950   0.950     22605.781  
  3.000   0.950     22605.781  

  0.250   1.000    287598.205  
  0.300   1.000    287598.205  
  0.350   1.000    287598.205  
  0.400   1.000    287598.205  
  0.450   1.000    287598.205  
  0.500   1.000    270523.159  
  0.550   1.000    253448.113  
  0.600   1.000    225882.229  
  0.650   1.000    192939.242  
  0.700   1.000    161444.780  
  0.750   1.000    136227.264  
  0.800   1.000    115750.377  
  0.850   1.000     99311.804  
  0.900   1.000     86253.125  
  0.950   1.000     75893.971  
  1.000   1.000     67158.922  
  1.050   1.000     59784.609  
  1.100   1.000     53485.716  
  1.150   1.000     48108.613  
  1.200   1.000     43521.615  
  1.250   1.000     39593.037  
  1.300   1.000     36257.039  
  1.350   1.000     33403.882  
  1.400   1.000     30989.672  
  1.450   1.000     28948.568  
  1.500   1.000     27214.726  
  1.550   1.000     25766.201  
  1.600   1.000     24559.096  
  1.650   1.000     23571.465  
  1.700   1.000     22737.465  
  1.750   1.000     22035.149  
  1.800   1.000     21486.465  
  1.850   1.000     21025.571  
  1.900   1.000     20652.466  
  1.950   1.000     20345.203  
  2.000   1.000     20059.887  
  2.050   1.000     19939.177  
  2.100   1.000     19818.466  
  2.150   1.000     21288.939  
  2.200   1.000     22759.412  
  2.250   1.000     22704.544  
  2.300   1.000     22649.676  
  2.350   1.000     22627.728  
  2.400   1.000     22605.781  
  2.450   1.000     22605.781  
  2.500   1.000     22605.781  
  2.550   1.000     22605.781  
  2.600   1.000     22605.781  
  2.650   1.000     22605.781  
  2.700   1.000     22605.781  
  2.750   1.000     22605.781  
  2.800   1.000     22605.781  
  2.850   1.000     22605.781  
  2.900   1.000     22605.781  
  2.950   1.000     22605.781  
  3.000   1.000     22605.781  

  0.250   1.050    258320.427  
  0.300   1.050    258320.427  
  0.350   1.050    258320.427  
  0.400   1.050    258320.427  
  0.450   1.050    258320.427  
  0.500   1.050    247555.247  
  0.550   1.050    236790.067  
  0.600   1.050    209597.288  
  0.650   1.050    177224.932  
  0.700   1.050    146630.312  
  0.750   1.050    122685.742  
  0.800   1.050    103613.487  
  0.850   1.050     88447.861  
  0.900   1.050     76376.813  
  0.950   1.050     66676.080  
  1.000   1.050     58599.451  
  1.050   1.050     51795.770  
  1.100   1.050     46023.614  
  1.150   1.050     41107.405  
  1.200   1.050     36915.460  
  1.250   1.050     33359.987  
  1.300   1.050     30331.252  
  1.350   1.050     27741.463  
  1.400   1.050     25568.674  
  1.450   1.050     23725.096  
  1.500   1.050     22188.781  
  1.550   1.050     20893.887  
  1.600   1.050     19818.466  
  1.650   1.050     18918.624  
  1.700   1.050     18194.361  
  1.750   1.050     17579.835  
  1.800   1.050     17096.993  
  1.850   1.050     16701.941  
  1.900   1.050     16394.678  
  1.950   1.050     16131.310  
  2.000   1.050     15889.889  
  2.050   1.050     15791.126  
  2.100   1.050     15692.362  
  2.150   1.050     15483.862  
  2.200   1.050     15275.363  
  2.250   1.050     15242.442  
  2.300   1.050     15209.520  
  2.350   1.050     15198.547  
  2.400   1.050     15187.573  
  2.450   1.050     15187.573  
  2.500   1.050     15187.573  
  2.550   1.050     15187.573  
  2.600   1.050     15187.573  
  2.650   1.050     15187.573  
  2.700   1.050     15187.573  
  2.750   1.050     15187.573  
  2.800   1.050     15187.573  
  2.850   1.050     15187.573  
  2.900   1.050     15187.573  
  2.950   1.050     15187.573  
  3.000   1.050     15187.573  

  0.250   1.100    239006.750  
  0.300   1.100    239006.750  
  0.350   1.100    239006.750  
  0.400   1.100    239006.750  
  0.450   1.100    239006.750  
  0.500   1.100    226793.045  
  0.550   1.100    214579.339  
  0.600   1.100    188044.980  
  0.650   1.100    156550.519  
  0.700   1.100    127206.899  
  0.750   1.100    104754.749  
  0.800   1.100     87328.545  
  0.850   1.100     73655.340  
  0.900   1.100     62835.292  
  0.950   1.100     54166.084  
  1.000   1.100     47033.192  
  1.050   1.100     41085.458  
  1.100   1.100     36103.407  
  1.150   1.100     31889.514  
  1.200   1.100     28312.094  
  1.250   1.100     25283.359  
  1.300   1.100     22737.465  
  1.350   1.100     20564.676  
  1.400   1.100     18743.045  
  1.450   1.100     17206.730  
  1.500   1.100     15933.783  
  1.550   1.100     14880.310  
  1.600   1.100     14002.416  
  1.650   1.100     13300.100  
  1.700   1.100     12729.469  
  1.750   1.100     12246.627  
  1.800   1.100     11873.522  
  1.850   1.100     11588.206  
  1.900   1.100     11368.732  
  1.950   1.100     11171.206  
  2.000   1.100     11039.522  
  2.050   1.100     10984.654  
  2.100   1.100     10929.785  
  2.150   1.100     10523.759  
  2.200   1.100     10117.733  
  2.250   1.100     10106.759  
  2.300   1.100     10095.786  
  2.350   1.100     10095.786  
  2.400   1.100     10095.786  
  2.450   1.100     10095.786  
  2.500   1.100     10095.786  
  2.550   1.100     10095.786  
  2.600   1.100     10095.786  
  2.650   1.100     10095.786  
  2.700   1.100     10095.786  
  2.750   1.100     10095.786  
  2.800   1.100     10095.786  
  2.850   1.100     10095.786  
  2.900   1.100     10095.786  
  2.950   1.100     10095.786  
  3.000   1.100     10095.786  

  0.250   1.150    223500.941  
  0.300   1.150    223500.941  
  0.350   1.150    223500.941  
  0.400   1.150    223500.941  
  0.450   1.150    223500.941  
  0.500   1.150    215281.654  
  0.550   1.150    203067.948  
  0.600   1.150    176917.669  
  0.650   1.150    145960.918  
  0.700   1.150    117286.692  
  0.750   1.150     95558.805  
  0.800   1.150     78878.812  
  0.850   1.150     65929.869  
  0.900   1.150     55768.242  
  0.950   1.150     47669.666  
  1.000   1.150     41074.484  
  1.050   1.150     35631.539  
  1.100   1.150     31088.435  
  1.150   1.150     27280.568  
  1.200   1.150     24054.307  
  1.250   1.150     21343.808  
  1.300   1.150     19061.282  
  1.350   1.150     17129.914  
  1.400   1.150     15516.784  
  1.450   1.150     14167.021  
  1.500   1.150     13058.679  
  1.550   1.150     12136.890  
  1.600   1.150     11379.706  
  1.650   1.150     10776.154  
  1.700   1.150     10304.286  
  1.750   1.150      9909.233  
  1.800   1.150      9601.970  
  1.850   1.150      9382.496  
  1.900   1.150      9217.891  
  1.950   1.150      9075.233  
  2.000   1.150      8998.418  
  2.050   1.150      8943.549  
  2.100   1.150      8943.549  
  2.150   1.150      7901.050  
  2.200   1.150      7495.023  
  2.250   1.150      7484.050  
  2.300   1.150      7505.997  
  2.350   1.150      7505.997  
  2.400   1.150      7527.944  
  2.450   1.150      7527.944  
  2.500   1.150      7527.944  
  2.550   1.150      7527.944  
  2.600   1.150      7527.944  
  2.650   1.150      7527.944  
  2.700   1.150      7527.944  
  2.750   1.150      7527.944  
  2.800   1.150      7527.944  
  2.850   1.150      7527.944  
  2.900   1.150      7527.944  
  2.950   1.150      7527.944  
  3.000   1.150      7527.944  

  0.250   1.200    207995.131  
  0.300   1.200    207995.131  
  0.350   1.200    207995.131  
  0.400   1.200    207995.131  
  0.450   1.200    207995.131  
  0.500   1.200    199775.844  
  0.550   1.200    191556.558  
  0.600   1.200    165790.357  
  0.650   1.200    135371.316  
  0.700   1.200    107366.485  
  0.750   1.200     86362.862  
  0.800   1.200     70429.078  
  0.850   1.200     58204.399  
  0.900   1.200     48701.192  
  0.950   1.200     41173.247  
  1.000   1.200     35115.776  
  1.050   1.200     30177.620  
  1.100   1.200     26073.464  
  1.150   1.200     22671.623  
  1.200   1.200     19796.519  
  1.250   1.200     17404.256  
  1.300   1.200     15385.099  
  1.350   1.200     13695.153  
  1.400   1.200     12290.522  
  1.450   1.200     11127.312  
  1.500   1.200     10183.575  
  1.550   1.200      9393.470  
  1.600   1.200      8756.997  
  1.650   1.200      8252.207  
  1.700   1.200      7879.102  
  1.750   1.200      7571.839  
  1.800   1.200      7330.418  
  1.850   1.200      7176.787  
  1.900   1.200      7067.050  
  1.950   1.200      6979.260  
  2.000   1.200      6957.313  
  2.050   1.200      6957.313  
  2.100   1.200      6957.313  
  2.150   1.200      5914.814  
  2.200   1.200      4872.314  
  2.250   1.200      4894.261  
  2.300   1.200      4916.209  
  2.350   1.200      4938.156  
  2.400   1.200      4960.103  
  2.450   1.200      4960.103  
  2.500   1.200      4960.103  
  2.550   1.200      4960.103  
  2.600   1.200      4960.103  
  2.650   1.200      4960.103  
  2.700   1.200      4960.103  
  2.750   1.200      4960.103  
  2.800   1.200      4960.103  
  2.850   1.200      4960.103  
  2.900   1.200      4960.103  
  2.950   1.200      4960.103  
  3.000   1.200      4960.103  

  0.250   1.250    196692.240  
  0.300   1.250    196692.240  
  0.350   1.250    196692.240  
  0.400   1.250    196692.240  
  0.450   1.250    196692.240  
  0.500   1.250    190404.322  
  0.550   1.250    182185.035  
  0.600   1.250    156791.940  
  0.650   1.250    126877.688  
  0.700   1.250     99432.514  
  0.750   1.250     78988.549  
  0.800   1.250     63625.397  
  0.850   1.250     51949.401  
  0.900   1.250     42983.905  
  0.950   1.250     35971.723  
  1.000   1.250     30408.067  
  1.050   1.250     25919.832  
  1.100   1.250     22221.702  
  1.150   1.250     19181.993  
  1.200   1.250     16636.099  
  1.250   1.250     14529.152  
  1.300   1.250     12762.390  
  1.350   1.250     11291.917  
  1.400   1.250     10073.838  
  1.450   1.250      9086.207  
  1.500   1.250      8274.155  
  1.550   1.250      7615.734  
  1.600   1.250      7099.971  
  1.650   1.250      6693.945  
  1.700   1.250      6397.655  
  1.750   1.250      6167.208  
  1.800   1.250      6002.603  
  1.850   1.250      5903.840  
  1.900   1.250      5837.998  
  1.950   1.250      5816.050  
  2.000   1.250      5837.998  
  2.050   1.250      5903.840  
  2.100   1.250      5903.840  
  2.150   1.250      5464.893  
  2.200   1.250      4422.393  
  2.250   1.250      4554.077  
  2.300   1.250      4576.025  
  2.350   1.250      4597.972  
  2.400   1.250      4685.761  
  2.450   1.250      4685.761  
  2.500   1.250      4685.761  
  2.550   1.250      4685.761  
  2.600   1.250      4685.761  
  2.650   1.250      4685.761  
  2.700   1.250      4685.761  
  2.750   1.250      4685.761  
  2.800   1.250      4685.761  
  2.850   1.250      4685.761  
  2.900   1.250      4685.761  
  2.950   1.250      4685.761  
  3.000   1.250      4685.761  

  0.250   1.300    185389.350  
  0.300   1.300    185389.350  
  0.350   1.300    185389.350  
  0.400   1.300    185389.350  
  0.450   1.300    185389.350  
  0.500   1.300    179101.431  
  0.550   1.300    172813.513  
  0.600   1.300    147793.522  
  0.650   1.300    118384.060  
  0.700   1.300     91498.544  
  0.750   1.300     71614.236  
  0.800   1.300     56821.715  
  0.850   1.300     45694.404  
  0.900   1.300     37266.617  
  0.950   1.300     30770.199  
  1.000   1.300     25700.359  
  1.050   1.300     21662.044  
  1.100   1.300     18369.940  
  1.150   1.300     15692.362  
  1.200   1.300     13475.679  
  1.250   1.300     11654.048  
  1.300   1.300     10139.680  
  1.350   1.300      8888.681  
  1.400   1.300      7857.155  
  1.450   1.300      7045.103  
  1.500   1.300      6364.734  
  1.550   1.300      5837.998  
  1.600   1.300      5442.945  
  1.650   1.300      5135.682  
  1.700   1.300      4916.209  
  1.750   1.300      4762.577  
  1.800   1.300      4674.788  
  1.850   1.300      4630.893  
  1.900   1.300      4608.946  
  1.950   1.300      4652.840  
  2.000   1.300      4718.682  
  2.050   1.300      4784.524  
  2.100   1.300      4850.367  
  2.150   1.300      4411.419  
  2.200   1.300      3972.472  
  2.250   1.300      4104.156  
  2.300   1.300      4235.840  
  2.350   1.300      4323.630  
  2.400   1.300      4411.419  
  2.450   1.300      4411.419  
  2.500   1.300      4411.419  
  2.550   1.300      4411.419  
  2.600   1.300      4411.419  
  2.650   1.300      4411.419  
  2.700   1.300      4411.419  
  2.750   1.300      4411.419  
  2.800   1.300      4411.419  
  2.850   1.300      4411.419  
  2.900   1.300      4411.419  
  2.950   1.300      4411.419  
  3.000   1.300      4411.419  

  0.250   1.350    176610.406  
  0.300   1.350    176610.406  
  0.350   1.350    176610.406  
  0.400   1.350    176610.406  
  0.450   1.350    176610.406  
  0.500   1.350    167952.172  
  0.550   1.350    159293.939  
  0.600   1.350    134844.580  
  0.650   1.350    106203.275  
  0.700   1.350     80195.653  
  0.750   1.350     61167.292  
  0.800   1.350     47230.719  
  0.850   1.350     36959.354  
  0.900   1.350     29343.620  
  0.950   1.350     23637.307  
  1.000   1.350     19313.677  
  1.050   1.350     15977.678  
  1.100   1.350     13343.995  
  1.150   1.350     11258.996  
  1.200   1.350      9547.102  
  1.250   1.350      8164.418  
  1.300   1.350      7045.103  
  1.350   1.350      6167.208  
  1.400   1.350      5442.945  
  1.450   1.350      4872.314  
  1.500   1.350      4455.314  
  1.550   1.350      4126.104  
  1.600   1.350      3906.630  
  1.650   1.350      3752.999  
  1.700   1.350      3665.209  
  1.750   1.350      3621.314  
  1.800   1.350      3643.262  
  1.850   1.350      3687.156  
  1.900   1.350      3752.999  
  1.950   1.350      3862.735  
  2.000   1.350      4016.367  
  2.050   1.350      4126.104  
  2.100   1.350      4235.840  
  2.150   1.350      4224.867  
  2.200   1.350      4213.893  
  2.250   1.350      4378.498  
  2.300   1.350      4543.104  
  2.350   1.350      4707.709  
  2.400   1.350      4872.314  
  2.450   1.350      4872.314  
  2.500   1.350      4872.314  
  2.550   1.350      4872.314  
  2.600   1.350      4872.314  
  2.650   1.350      4872.314  
  2.700   1.350      4872.314  
  2.750   1.350      4872.314  
  2.800   1.350      4872.314  
  2.850   1.350      4872.314  
  2.900   1.350      4872.314  
  2.950   1.350      4872.314  
  3.000   1.350      4872.314  

  0.250   1.400    169214.146  
  0.300   1.400    169214.146  
  0.350   1.400    169214.146  
  0.400   1.400    169214.146  
  0.450   1.400    169214.146  
  0.500   1.400    159941.386  
  0.550   1.400    150668.626  
  0.600   1.400    126614.320  
  0.650   1.400     98499.752  
  0.700   1.400     73084.709  
  0.750   1.400     54626.979  
  0.800   1.400     41239.089  
  0.850   1.400     31538.356  
  0.900   1.400     24493.254  
  0.950   1.400     19357.572  
  1.000   1.400     15582.626  
  1.050   1.400     12751.416  
  1.100   1.400     10578.628  
  1.150   1.400      8910.628  
  1.200   1.400      7571.839  
  1.250   1.400      6540.313  
  1.300   1.400      5706.314  
  1.350   1.400      5069.840  
  1.400   1.400      4565.051  
  1.450   1.400      4213.893  
  1.500   1.400      3950.525  
  1.550   1.400      3774.946  
  1.600   1.400      3665.209  
  1.650   1.400      3621.314  
  1.700   1.400      3643.262  
  1.750   1.400      3687.156  
  1.800   1.400      3752.999  
  1.850   1.400      3862.735  
  1.900   1.400      3994.420  
  1.950   1.400      4148.051  
  2.000   1.400      4345.577  
  2.050   1.400      4477.261  
  2.100   1.400      4608.946  
  2.150   1.400      4663.814  
  2.200   1.400      4718.682  
  2.250   1.400      4883.288  
  2.300   1.400      5047.893  
  2.350   1.400      5190.551  
  2.400   1.400      5333.208  
  2.450   1.400      5333.208  
  2.500   1.400      5333.208  
  2.550   1.400      5333.208  
  2.600   1.400      5333.208  
  2.650   1.400      5333.208  
  2.700   1.400      5333.208  
  2.750   1.400      5333.208  
  2.800   1.400      5333.208  
  2.850   1.400      5333.208  
  2.900   1.400      5333.208  
  2.950   1.400      5333.208  
  3.000   1.400      5333.208  

  0.250   1.450    162981.095  
  0.300   1.450    162981.095  
  0.350   1.450    162981.095  
  0.400   1.450    162981.095  
  0.450   1.450    162981.095  
  0.500   1.450    153763.204  
  0.550   1.450    144545.313  
  0.600   1.450    120754.375  
  0.650   1.450     93034.859  
  0.700   1.450     68036.816  
  0.750   1.450     50018.033  
  0.800   1.450     37047.144  
  0.850   1.450     27785.358  
  0.900   1.450     21157.255  
  0.950   1.450     16460.520  
  1.000   1.450     13080.627  
  1.050   1.450     10666.417  
  1.100   1.450      8866.733  
  1.150   1.450      7527.944  
  1.200   1.450      6518.366  
  1.250   1.450      5750.208  
  1.300   1.450      5157.630  
  1.350   1.450      4740.630  
  1.400   1.450      4411.419  
  1.450   1.450      4213.893  
  1.500   1.450      4082.209  
  1.550   1.450      4038.314  
  1.600   1.450      4038.314  
  1.650   1.450      4082.209  
  1.700   1.450      4148.051  
  1.750   1.450      4257.788  
  1.800   1.450      4389.472  
  1.850   1.450      4543.104  
  1.900   1.450      4696.735  
  1.950   1.450      4872.314  
  2.000   1.450      5113.735  
  2.050   1.450      5245.419  
  2.100   1.450      5377.103  
  2.150   1.450      5453.919  
  2.200   1.450      5530.735  
  2.250   1.450      5684.366  
  2.300   1.450      5837.998  
  2.350   1.450      5980.656  
  2.400   1.450      6123.313  
  2.450   1.450      6123.313  
  2.500   1.450      6123.313  
  2.550   1.450      6123.313  
  2.600   1.450      6123.313  
  2.650   1.450      6123.313  
  2.700   1.450      6123.313  
  2.750   1.450      6123.313  
  2.800   1.450      6123.313  
  2.850   1.450      6123.313  
  2.900   1.450      6123.313  
  2.950   1.450      6123.313  
  3.000   1.450      6123.313  

  0.250   1.500    157779.571  
  0.300   1.500    157779.571  
  0.350   1.500    157779.571  
  0.400   1.500    157779.571  
  0.450   1.500    157779.571  
  0.500   1.500    148583.627  
  0.550   1.500    139387.683  
  0.600   1.500    115860.113  
  0.650   1.500     88469.808  
  0.700   1.500     63822.923  
  0.750   1.500     46155.298  
  0.800   1.500     33557.513  
  0.850   1.500     24646.885  
  0.900   1.500     18391.888  
  0.950   1.500     14068.258  
  1.000   1.500     11083.417  
  1.050   1.500      9020.365  
  1.100   1.500      7593.787  
  1.150   1.500      6584.208  
  1.200   1.500      5859.945  
  1.250   1.500      5333.208  
  1.300   1.500      4982.051  
  1.350   1.500      4740.630  
  1.400   1.500      4586.998  
  1.450   1.500      4543.104  
  1.500   1.500      4543.104  
  1.550   1.500      4586.998  
  1.600   1.500      4674.788  
  1.650   1.500      4806.472  
  1.700   1.500      4960.103  
  1.750   1.500      5113.735  
  1.800   1.500      5289.314  
  1.850   1.500      5464.893  
  1.900   1.500      5662.419  
  1.950   1.500      5859.945  
  2.000   1.500      6101.366  
  2.050   1.500      6244.024  
  2.100   1.500      6386.682  
  2.150   1.500      6485.445  
  2.200   1.500      6584.208  
  2.250   1.500      6737.840  
  2.300   1.500      6891.471  
  2.350   1.500      7023.155  
  2.400   1.500      7154.839  
  2.450   1.500      7154.839  
  2.500   1.500      7154.839  
  2.550   1.500      7154.839  
  2.600   1.500      7154.839  
  2.650   1.500      7154.839  
  2.700   1.500      7154.839  
  2.750   1.500      7154.839  
  2.800   1.500      7154.839  
  2.850   1.500      7154.839  
  2.900   1.500      7154.839  
  2.950   1.500      7154.839  
  3.000   1.500      7154.839  

  0.250   1.550    153412.046  
  0.300   1.550    153412.046  
  0.350   1.550    153412.046  
  0.400   1.550    153412.046  
  0.450   1.550    153412.046  
  0.500   1.550    144249.024  
  0.550   1.550    135086.001  
  0.600   1.550    111755.957  
  0.650   1.550     84629.020  
  0.700   1.550     60289.398  
  0.750   1.550     42929.036  
  0.800   1.550     30616.567  
  0.850   1.550     22013.202  
  0.900   1.550     16109.362  
  0.950   1.550     12114.943  
  1.000   1.550      9459.312  
  1.050   1.550      7747.418  
  1.100   1.550      6650.050  
  1.150   1.550      5947.735  
  1.200   1.550      5486.840  
  1.250   1.550      5223.472  
  1.300   1.550      5069.840  
  1.350   1.550      5003.998  
  1.400   1.550      5025.945  
  1.450   1.550      5091.788  
  1.500   1.550      5223.472  
  1.550   1.550      5377.103  
  1.600   1.550      5552.682  
  1.650   1.550      5750.208  
  1.700   1.550      5947.735  
  1.750   1.550      6167.208  
  1.800   1.550      6386.682  
  1.850   1.550      6606.155  
  1.900   1.550      6803.682  
  1.950   1.550      7023.155  
  2.000   1.550      7286.524  
  2.050   1.550      7440.155  
  2.100   1.550      7593.787  
  2.150   1.550      7714.497  
  2.200   1.550      7835.208  
  2.250   1.550      7977.865  
  2.300   1.550      8120.523  
  2.350   1.550      8252.207  
  2.400   1.550      8383.892  
  2.450   1.550      8383.892  
  2.500   1.550      8383.892  
  2.550   1.550      8383.892  
  2.600   1.550      8383.892  
  2.650   1.550      8383.892  
  2.700   1.550      8383.892  
  2.750   1.550      8383.892  
  2.800   1.550      8383.892  
  2.850   1.550      8383.892  
  2.900   1.550      8383.892  
  2.950   1.550      8383.892  
  3.000   1.550      8383.892  

  0.250   1.600    149746.837  
  0.300   1.600    149746.837  
  0.350   1.600    149746.837  
  0.400   1.600    149746.837  
  0.450   1.600    149746.837  
  0.500   1.600    140605.762  
  0.550   1.600    131464.686  
  0.600   1.600    108310.222  
  0.650   1.600     81424.706  
  0.700   1.600     57326.504  
  0.750   1.600     40207.564  
  0.800   1.600     28180.410  
  0.850   1.600     19840.413  
  0.900   1.600     14177.995  
  0.950   1.600     10468.891  
  1.000   1.600      8142.471  
  1.050   1.600      6737.840  
  1.100   1.600      5947.735  
  1.150   1.600      5552.682  
  1.200   1.600      5355.156  
  1.250   1.600      5311.261  
  1.300   1.600      5377.103  
  1.350   1.600      5486.840  
  1.400   1.600      5640.472  
  1.450   1.600      5859.945  
  1.500   1.600      6079.419  
  1.550   1.600      6320.840  
  1.600   1.600      6584.208  
  1.650   1.600      6847.576  
  1.700   1.600      7110.945  
  1.750   1.600      7374.313  
  1.800   1.600      7615.734  
  1.850   1.600      7857.155  
  1.900   1.600      8098.576  
  1.950   1.600      8339.997  
  2.000   1.600      8603.365  
  2.050   1.600      8756.997  
  2.100   1.600      8910.628  
  2.150   1.600      9053.286  
  2.200   1.600      9195.944  
  2.250   1.600      9338.602  
  2.300   1.600      9481.260  
  2.350   1.600      9612.944  
  2.400   1.600      9744.628  
  2.450   1.600      9744.628  
  2.500   1.600      9744.628  
  2.550   1.600      9744.628  
  2.600   1.600      9744.628  
  2.650   1.600      9744.628  
  2.700   1.600      9744.628  
  2.750   1.600      9744.628  
  2.800   1.600      9744.628  
  2.850   1.600      9744.628  
  2.900   1.600      9744.628  
  2.950   1.600      9744.628  
  3.000   1.600      9744.628  

  0.250   1.650    146696.154  
  0.300   1.650    146696.154  
  0.350   1.650    146696.154  
  0.400   1.650    146696.154  
  0.450   1.650    146696.154  
  0.500   1.650    137577.026  
  0.550   1.650    128457.898  
  0.600   1.650    105435.117  
  0.650   1.650     78725.180  
  0.700   1.650     54846.453  
  0.750   1.650     37946.985  
  0.800   1.650     26117.358  
  0.850   1.650     17996.835  
  0.900   1.650     12575.837  
  0.950   1.650      9108.154  
  1.000   1.650      7045.103  
  1.050   1.650      5925.787  
  1.100   1.650      5420.998  
  1.150   1.650      5311.261  
  1.200   1.650      5399.051  
  1.250   1.650      5574.629  
  1.300   1.650      5837.998  
  1.350   1.650      6101.366  
  1.400   1.650      6408.629  
  1.450   1.650      6737.840  
  1.500   1.650      7067.050  
  1.550   1.650      7418.208  
  1.600   1.650      7747.418  
  1.650   1.650      8076.628  
  1.700   1.650      8383.892  
  1.750   1.650      8669.207  
  1.800   1.650      8954.523  
  1.850   1.650      9239.839  
  1.900   1.650      9481.260  
  1.950   1.650      9744.628  
  2.000   1.650     10029.944  
  2.050   1.650     10172.601  
  2.100   1.650     10315.259  
  2.150   1.650     10479.864  
  2.200   1.650     10644.470  
  2.250   1.650     10787.127  
  2.300   1.650     10929.785  
  2.350   1.650     11050.496  
  2.400   1.650     11171.206  
  2.450   1.650     11171.206  
  2.500   1.650     11171.206  
  2.550   1.650     11171.206  
  2.600   1.650     11171.206  
  2.650   1.650     11171.206  
  2.700   1.650     11171.206  
  2.750   1.650     11171.206  
  2.800   1.650     11171.206  
  2.850   1.650     11171.206  
  2.900   1.650     11171.206  
  2.950   1.650     11171.206  
  3.000   1.650     11171.206  

  0.250   1.700    144172.208  
  0.300   1.700    144172.208  
  0.350   1.700    144172.208  
  0.400   1.700    144172.208  
  0.450   1.700    144172.208  
  0.500   1.700    135053.080  
  0.550   1.700    125933.952  
  0.600   1.700    103042.855  
  0.650   1.700     76486.550  
  0.700   1.700     52783.401  
  0.750   1.700     36037.565  
  0.800   1.700     24383.517  
  0.850   1.700     16438.573  
  0.900   1.700     11215.101  
  0.950   1.700      7944.944  
  1.000   1.700      6101.366  
  1.050   1.700      5245.419  
  1.100   1.700      5025.945  
  1.150   1.700      5179.577  
  1.200   1.700      5530.735  
  1.250   1.700      5947.735  
  1.300   1.700      6408.629  
  1.350   1.700      6847.576  
  1.400   1.700      7286.524  
  1.450   1.700      7725.471  
  1.500   1.700      8164.418  
  1.550   1.700      8581.418  
  1.600   1.700      8976.470  
  1.650   1.700      9349.575  
  1.700   1.700      9722.680  
  1.750   1.700     10051.891  
  1.800   1.700     10359.154  
  1.850   1.700     10666.417  
  1.900   1.700     10929.785  
  1.950   1.700     11215.101  
  2.000   1.700     11500.417  
  2.050   1.700     11632.101  
  2.100   1.700     11763.785  
  2.150   1.700     11961.311  
  2.200   1.700     12158.837  
  2.250   1.700     11972.285  
  2.300   1.700     11785.732  
  2.350   1.700     11785.732  
  2.400   1.700     11785.732  
  2.450   1.700     11785.732  
  2.500   1.700     11785.732  
  2.550   1.700     11785.732  
  2.600   1.700     11785.732  
  2.650   1.700     11785.732  
  2.700   1.700     11785.732  
  2.750   1.700     11785.732  
  2.800   1.700     11785.732  
  2.850   1.700     11785.732  
  2.900   1.700     11785.732  
  2.950   1.700     11785.732  
  3.000   1.700     11785.732  

  0.250   1.750    142043.314   
  0.300   1.750    142043.314   
  0.350   1.750    142043.314   
  0.400   1.750    142043.314   
  0.450   1.750    142043.314   
  0.500   1.750    132946.133   
  0.550   1.750    123848.952   
  0.600   1.750    101045.645   
  0.650   1.750     74599.077   
  0.700   1.750     51049.559   
  0.750   1.750     34457.355   
  0.800   1.750     22934.991   
  0.850   1.750     15143.678   
  0.900   1.750     10051.891   
  0.950   1.750      6957.313   
  1.000   1.750      5311.261   
  1.050   1.750      4652.840   
  1.100   1.750      4674.788   
  1.150   1.750      5091.788   
  1.200   1.750      5706.314   
  1.250   1.750      6386.682   
  1.300   1.750      7045.103   
  1.350   1.750      7659.629   
  1.400   1.750      8252.207   
  1.450   1.750      8800.891   
  1.500   1.750      9327.628   
  1.550   1.750      9810.470   
  1.600   1.750     10271.364   
  1.650   1.750     10710.312   
  1.700   1.750     11105.364   
  1.750   1.750     11478.469   
  1.800   1.750     11807.680   
  1.850   1.750     12136.890   
  1.900   1.750     12422.206   
  1.950   1.750     12707.521   
  2.000   1.750     12992.837   
  2.050   1.750     13124.521   
  2.100   1.750     13256.205   
  2.150   1.750     13464.705   
  2.200   1.750     13673.205   
  2.250   1.750     13376.916   
  2.300   1.750     13080.627   
  2.350   1.750     13025.758   
  2.400   1.750     12970.890   
  2.450   1.750     12970.890   
  2.500   1.750     12970.890   
  2.550   1.750     12970.890   
  2.600   1.750     12970.890   
  2.650   1.750     12970.890   
  2.700   1.750     12970.890   
  2.750   1.750     12970.890   
  2.800   1.750     12970.890   
  2.850   1.750     12970.890   
  2.900   1.750     12970.890   
  2.950   1.750     12970.890   
  3.000   1.750     12970.890   

  0.250   1.800    140287.525   
  0.300   1.800    140287.525   
  0.350   1.800    140287.525   
  0.400   1.800    140287.525   
  0.450   1.800    140287.525   
  0.500   1.800    131190.344   
  0.550   1.800    122093.164   
  0.600   1.800     99355.699   
  0.650   1.800     73040.814   
  0.700   1.800     49601.034   
  0.750   1.800     33118.566   
  0.800   1.800     21705.939   
  0.850   1.800     14024.363   
  0.900   1.800      9064.260   
  0.950   1.800      6101.366   
  1.000   1.800      4608.946   
  1.050   1.800      4126.104   
  1.100   1.800      4345.577   
  1.150   1.800      5003.998   
  1.200   1.800      5859.945   
  1.250   1.800      6803.682   
  1.300   1.800      7703.523   
  1.350   1.800      8515.576   
  1.400   1.800      9239.839   
  1.450   1.800      9898.259   
  1.500   1.800     10512.785   
  1.550   1.800     11083.417   
  1.600   1.800     11588.206   
  1.650   1.800     12071.048   
  1.700   1.800     12509.995   
  1.750   1.800     12905.048   
  1.800   1.800     13278.153   
  1.850   1.800     13607.363   
  1.900   1.800     13914.626   
  1.950   1.800     14199.942   
  2.000   1.800     14507.205   
  2.050   1.800     14627.915   
  2.100   1.800     14748.626   
  2.150   1.800     14979.073   
  2.200   1.800     15209.520   
  2.250   1.800     15352.178   
  2.300   1.800     15494.836   
  2.350   1.800     14803.494   
  2.400   1.800     14112.152   
  2.450   1.800     14112.152   
  2.500   1.800     14112.152   
  2.550   1.800     14112.152   
  2.600   1.800     14112.152   
  2.650   1.800     14112.152   
  2.700   1.800     14112.152   
  2.750   1.800     14112.152   
  2.800   1.800     14112.152   
  2.850   1.800     14112.152   
  2.900   1.800     14112.152   
  2.950   1.800     14112.152   
  3.000   1.800     14112.152   

  0.250   1.850    138817.052   
  0.300   1.850    138817.052   
  0.350   1.850    138817.052   
  0.400   1.850    138817.052   
  0.450   1.850    138817.052   
  0.500   1.850    129730.845   
  0.550   1.850    120644.638   
  0.600   1.850     97973.015   
  0.650   1.850     71723.972   
  0.700   1.850     48393.929   
  0.750   1.850     31999.251   
  0.800   1.850     20674.413   
  0.850   1.850     13080.627   
  0.900   1.850      8230.260   
  0.950   1.850      5377.103   
  1.000   1.850      3972.472   
  1.050   1.850      3621.314   
  1.100   1.850      4016.367   
  1.150   1.850      4872.314   
  1.200   1.850      5991.629   
  1.250   1.850      7176.787   
  1.300   1.850      8318.049   
  1.350   1.850      9349.575   
  1.400   1.850     10249.417   
  1.450   1.850     11039.522   
  1.500   1.850     11741.838   
  1.550   1.850     12356.364   
  1.600   1.850     12926.995   
  1.650   1.850     13453.732   
  1.700   1.850     13936.574   
  1.750   1.850     14353.573   
  1.800   1.850     14726.679   
  1.850   1.850     15077.836   
  1.900   1.850     15385.099   
  1.950   1.850     15692.362   
  2.000   1.850     15999.625   
  2.050   1.850     16109.362   
  2.100   1.850     16219.099   
  2.150   1.850     16471.494   
  2.200   1.850     16723.888   
  2.250   1.850     16241.046   
  2.300   1.850     15758.204   
  2.350   1.850     15615.547   
  2.400   1.850     15472.889   
  2.450   1.850     15472.889   
  2.500   1.850     15472.889   
  2.550   1.850     15472.889   
  2.600   1.850     15472.889   
  2.650   1.850     15472.889   
  2.700   1.850     15472.889   
  2.750   1.850     15472.889   
  2.800   1.850     15472.889   
  2.850   1.850     15472.889   
  2.900   1.850     15472.889   
  2.950   1.850     15472.889   
  3.000   1.850     15472.889   

  0.250   1.900    137588.000   
  0.300   1.900    137588.000   
  0.350   1.900    137588.000   
  0.400   1.900    137588.000   
  0.450   1.900    137588.000   
  0.500   1.900    128501.793   
  0.550   1.900    119415.586   
  0.600   1.900     96809.805   
  0.650   1.900     70648.552   
  0.700   1.900     47362.403   
  0.750   1.900     31055.514   
  0.800   1.900     19818.466   
  0.850   1.900     12312.469   
  0.900   1.900      7527.944   
  0.950   1.900      4740.630   
  1.000   1.900      3423.788   
  1.050   1.900      3182.367   
  1.100   1.900      3687.156   
  1.150   1.900      4718.682   
  1.200   1.900      6013.577   
  1.250   1.900      7462.102   
  1.300   1.900      8866.733   
  1.350   1.900     10139.680   
  1.400   1.900     11237.048   
  1.450   1.900     12158.837   
  1.500   1.900     12948.942   
  1.550   1.900     13651.258   
  1.600   1.900     14265.784   
  1.650   1.900     14836.415   
  1.700   1.900     15341.205   
  1.750   1.900     15780.152   
  1.800   1.900     16175.204   
  1.850   1.900     16526.362   
  1.900   1.900     16855.572   
  1.950   1.900     17162.836   
  2.000   1.900     17470.099   
  2.050   1.900     17579.835   
  2.100   1.900     17689.572   
  2.150   1.900     17941.967   
  2.200   1.900     18194.361   
  2.250   1.900     17689.572   
  2.300   1.900     17184.783   
  2.350   1.900     17031.151   
  2.400   1.900     16877.520   
  2.450   1.900     16877.520   
  2.500   1.900     16877.520   
  2.550   1.900     16877.520   
  2.600   1.900     16877.520   
  2.650   1.900     16877.520   
  2.700   1.900     16877.520   
  2.750   1.900     16877.520   
  2.800   1.900     16877.520   
  2.850   1.900     16877.520   
  2.900   1.900     16877.520   
  2.950   1.900     16877.520   
  3.000   1.900     16877.520   

  0.250   1.950    136578.421   
  0.300   1.950    136578.421   
  0.350   1.950    136578.421   
  0.400   1.950    136578.421   
  0.450   1.950    136578.421   
  0.500   1.950    127503.188   
  0.550   1.950    118427.955   
  0.600   1.950     95844.121   
  0.650   1.950     69748.710   
  0.700   1.950     46528.403   
  0.750   1.950     30265.409   
  0.800   1.950     19094.203   
  0.850   1.950     11632.101   
  0.900   1.950      6913.418   
  0.950   1.950      4191.946   
  1.000   1.950      2962.894   
  1.050   1.950      2787.315   
  1.100   1.950      3379.893   
  1.150   1.950      4521.156   
  1.200   1.950      5991.629   
  1.250   1.950      7615.734   
  1.300   1.950      9261.786   
  1.350   1.950     10798.101   
  1.400   1.950     12114.943   
  1.450   1.950     13234.258   
  1.500   1.950     14156.047   
  1.550   1.950     14924.205   
  1.600   1.950     15604.573   
  1.650   1.950     16197.152   
  1.700   1.950     16723.888   
  1.750   1.950     17184.783   
  1.800   1.950     17601.783   
  1.850   1.950     17952.940   
  1.900   1.950     18282.151   
  1.950   1.950     18589.414   
  2.000   1.950     18896.677   
  2.050   1.950     18995.440   
  2.100   1.950     19094.203   
  2.150   1.950     19346.598   
  2.200   1.950     19598.992   
  2.250   1.950     19072.256   
  2.300   1.950     18625.993   
  2.350   1.950     18472.361   
  2.400   1.950     18486.993   
  2.450   1.950     18556.493   
  2.500   1.950     18625.993   
  2.550   1.950     18695.493   
  2.600   1.950     18764.993   
  2.650   1.950     18764.993   
  2.700   1.950     18764.993   
  2.750   1.950     18764.993   
  2.800   1.950     18764.993   
  2.850   1.950     18764.993   
  2.900   1.950     18764.993   
  2.950   1.950     18764.993   
  3.000   1.950     18764.993   

  0.250   2.000    135722.474   
  0.300   2.000    135722.474   
  0.350   2.000    135722.474   
  0.400   2.000    135722.474   
  0.450   2.000    135722.474   
  0.500   2.000    126658.215   
  0.550   2.000    117593.955   
  0.600   2.000     95054.016   
  0.650   2.000     68980.552   
  0.700   2.000     45826.088   
  0.750   2.000     29628.936   
  0.800   2.000     18501.624   
  0.850   2.000     11083.417   
  0.900   2.000      6408.629   
  0.950   2.000      3752.999   
  1.000   2.000      2545.894   
  1.050   2.000      2436.157   
  1.100   2.000      3094.578   
  1.150   2.000      4301.683   
  1.200   2.000      5881.892   
  1.250   2.000      7659.629   
  1.300   2.000      9503.207   
  1.350   2.000     11280.943   
  1.400   2.000     12883.100   
  1.450   2.000     14221.889   
  1.500   2.000     15297.310   
  1.550   2.000     16175.204   
  1.600   2.000     16899.467   
  1.650   2.000     17535.941   
  1.700   2.000     18084.625   
  1.750   2.000     18567.467   
  1.800   2.000     18984.466   
  1.850   2.000     19357.572   
  1.900   2.000     19664.835   
  1.950   2.000     19972.098   
  2.000   2.000     20279.361   
  2.050   2.000     20378.124   
  2.100   2.000     20476.887   
  2.150   2.000     20718.308   
  2.200   2.000     20959.729   
  2.250   2.000     20513.466   
  2.300   2.000     20067.203   
  2.350   2.000     19997.703   
  2.400   2.000     20096.466   
  2.450   2.000     20165.966   
  2.500   2.000     20235.466   
  2.550   2.000     20312.282   
  2.600   2.000     20389.097   
  2.650   2.000     20389.097   
  2.700   2.000     20389.097   
  2.750   2.000     20389.097   
  2.800   2.000     20389.097   
  2.850   2.000     20389.097   
  2.900   2.000     20389.097   
  2.950   2.000     20389.097   
  3.000   2.000     20389.097   

  0.250   2.050    135042.106   
  0.300   2.050    135042.106   
  0.350   2.050    135042.106   
  0.400   2.050    135042.106   
  0.450   2.050    135042.106   
  0.500   2.050    125966.873   
  0.550   2.050    116891.639   
  0.600   2.050     94395.595   
  0.650   2.050     68366.026   
  0.700   2.050     45255.456   
  0.750   2.050     29080.252   
  0.800   2.050     17996.835   
  0.850   2.050     10622.522   
  0.900   2.050      5991.629   
  0.950   2.050      3357.946   
  1.000   2.050      2216.683   
  1.050   2.050      2128.894   
  1.100   2.050      2853.157   
  1.150   2.050      4104.156   
  1.200   2.050      5750.208   
  1.250   2.050      7637.681   
  1.300   2.050      9612.944   
  1.350   2.050     11610.153   
  1.400   2.050     13453.732   
  1.450   2.050     15033.942   
  1.500   2.050     16350.783   
  1.550   2.050     17360.362   
  1.600   2.050     18172.414   
  1.650   2.050     18852.782   
  1.700   2.050     19401.466   
  1.750   2.050     19906.256   
  1.800   2.050     20323.255   
  1.850   2.050     20696.360   
  1.900   2.050     21003.624   
  1.950   2.050     21310.887   
  2.000   2.050     21596.202   
  2.050   2.050     21683.992   
  2.100   2.050     21771.781   
  2.150   2.050     21958.334   
  2.200   2.050     21866.886   
  2.250   2.050     21848.597   
  2.300   2.050     21508.413   
  2.350   2.050     21607.176   
  2.400   2.050     21705.939   
  2.450   2.050     21705.939   
  2.500   2.050     21705.939   
  2.550   2.050     21705.939   
  2.600   2.050     21705.939   
  2.650   2.050     21705.939   
  2.700   2.050     21705.939   
  2.750   2.050     21705.939   
  2.800   2.050     21705.939   
  2.850   2.050     21705.939   
  2.900   2.050     21705.939   
  2.950   2.050     21705.939   
  3.000   2.050     21705.939   

  0.250   2.100    134471.475   
  0.300   2.100    134471.475   
  0.350   2.100    134471.475   
  0.400   2.100    134471.475   
  0.450   2.100    134471.475   
  0.500   2.100    125396.241   
  0.550   2.100    116321.008   
  0.600   2.100     93846.911   
  0.650   2.100     67861.237   
  0.700   2.100     44772.614   
  0.750   2.100     28641.305   
  0.800   2.100     17579.835   
  0.850   2.100     10227.470   
  0.900   2.100      5618.524   
  0.950   2.100      3028.736   
  1.000   2.100      1909.420   
  1.050   2.100      1887.473   
  1.100   2.100      2611.736   
  1.150   2.100      3928.577   
  1.200   2.100      5596.577   
  1.250   2.100      7549.892   
  1.300   2.100      9634.891   
  1.350   2.100     11763.785   
  1.400   2.100     13804.889   
  1.450   2.100     15670.415   
  1.500   2.100     17206.730   
  1.550   2.100     18435.782   
  1.600   2.100     19379.519   
  1.650   2.100     20103.782   
  1.700   2.100     20696.360   
  1.750   2.100     21201.150   
  1.800   2.100     21618.150   
  1.850   2.100     21991.255   
  1.900   2.100     22298.518   
  1.950   2.100     22583.833   
  2.000   2.100     22825.254   
  2.050   2.100     22891.096   
  2.100   2.100     22956.939   
  2.150   2.100     22865.491   
  2.200   2.100     22774.044   
  2.250   2.100     22755.754   
  2.300   2.100     22737.465   
  2.350   2.100     22825.254   
  2.400   2.100     22913.044   
  2.450   2.100     22913.044   
  2.500   2.100     22913.044   
  2.550   2.100     22913.044   
  2.600   2.100     22913.044   
  2.650   2.100     22913.044   
  2.700   2.100     22913.044   
  2.750   2.100     22913.044   
  2.800   2.100     22913.044   
  2.850   2.100     22913.044   
  2.900   2.100     22913.044   
  2.950   2.100     22913.044   
  3.000   2.100     22913.044   

  0.250   2.150    133988.633   
  0.300   2.150    133988.633   
  0.350   2.150    133988.633   
  0.400   2.150    133988.633   
  0.450   2.150    133988.633   
  0.500   2.150    124924.373   
  0.550   2.150    115860.113   
  0.600   2.150     93386.017   
  0.650   2.150     67422.290   
  0.700   2.150     44377.562   
  0.750   2.150     28268.200   
  0.800   2.150     17228.678   
  0.850   2.150      9920.207   
  0.900   2.150      5333.208   
  0.950   2.150      2765.367   
  1.000   2.150      1667.999   
  1.050   2.150      1667.999   
  1.100   2.150      2436.157   
  1.150   2.150      3752.999   
  1.200   2.150      5464.893   
  1.250   2.150      7440.155   
  1.300   2.150      9590.996   
  1.350   2.150     11807.680   
  1.400   2.150     14002.416   
  1.450   2.150     16065.468   
  1.500   2.150     17887.098   
  1.550   2.150     19357.572   
  1.600   2.150     20476.887   
  1.650   2.150     21310.887   
  1.700   2.150     21947.360   
  1.750   2.150     22452.149   
  1.800   2.150     22869.149   
  1.850   2.150     23220.307   
  1.900   2.150     23527.570   
  1.950   2.150     23768.991   
  2.000   2.150     23966.517   
  2.050   2.150     23966.517   
  2.100   2.150     23906.162   
  2.150   2.150     23867.754   
  2.200   2.150     23681.201   
  2.250   2.150     23779.965   
  2.300   2.150     23878.728   
  2.350   2.150     23966.517   
  2.400   2.150     24054.307   
  2.450   2.150     24054.307   
  2.500   2.150     24054.307   
  2.550   2.150     24054.307   
  2.600   2.150     24054.307   
  2.650   2.150     24054.307   
  2.700   2.150     24054.307   
  2.750   2.150     24054.307   
  2.800   2.150     24054.307   
  2.850   2.150     24054.307   
  2.900   2.150     24054.307   
  2.950   2.150     24054.307   
  3.000   2.150     24054.307   

  0.250   2.200    133593.580   
  0.300   2.200    133593.580   
  0.350   2.200    133593.580   
  0.400   2.200    133593.580   
  0.450   2.200    133593.580   
  0.500   2.200    124529.321   
  0.550   2.200    115465.061   
  0.600   2.200     93034.859   
  0.650   2.200     67093.080   
  0.700   2.200     44048.352   
  0.750   2.200     27960.937   
  0.800   2.200     16943.362   
  0.850   2.200      9656.838   
  0.900   2.200      5091.788   
  0.950   2.200      2545.894   
  1.000   2.200      1470.473   
  1.050   2.200      1470.473   
  1.100   2.200      2282.525   
  1.150   2.200      3621.314   
  1.200   2.200      5355.156   
  1.250   2.200      7352.366   
  1.300   2.200      9525.154   
  1.350   2.200     11785.732   
  1.400   2.200     14046.310   
  1.450   2.200     16262.994   
  1.500   2.200     18304.098   
  1.550   2.200     19939.177   
  1.600   2.200     21420.623   
  1.650   2.200     22408.255   
  1.700   2.200     23110.570   
  1.750   2.200     23637.307   
  1.800   2.200     24054.307   
  1.850   2.200     24405.464   
  1.900   2.200     24668.833   
  1.950   2.200     24866.359   
  2.000   2.200     24976.096   
  2.050   2.200     24915.740   
  2.100   2.200     24855.385   
  2.150   2.200     24816.977   
  2.200   2.200     24778.569   
  2.250   2.200     24866.359   
  2.300   2.200     24954.148   
  2.350   2.200     25030.964   
  2.400   2.200     25107.780   
  2.450   2.200     25107.780   
  2.500   2.200     25107.780   
  2.550   2.200     25107.780   
  2.600   2.200     25107.780   
  2.650   2.200     25107.780   
  2.700   2.200     25107.780   
  2.750   2.200     25107.780   
  2.800   2.200     25107.780   
  2.850   2.200     25107.780   
  2.900   2.200     25107.780   
  2.950   2.200     25107.780   
  3.000   2.200     25107.780   

  0.250   2.250    133286.317   
  0.300   2.250    133286.317   
  0.350   2.250    133286.317   
  0.400   2.250    133286.317   
  0.450   2.250    133286.317   
  0.500   2.250    124222.058   
  0.550   2.250    115157.798   
  0.600   2.250     92727.596   
  0.650   2.250     66807.764   
  0.700   2.250     43784.983   
  0.750   2.250     27719.516   
  0.800   2.250     16723.888   
  0.850   2.250      9437.365   
  0.900   2.250      4894.261   
  0.950   2.250      2348.368   
  1.000   2.250      1316.842   
  1.050   2.250      1338.789   
  1.100   2.250      2150.841   
  1.150   2.250      3511.578   
  1.200   2.250      5267.366   
  1.250   2.250      7286.524   
  1.300   2.250      9459.312   
  1.350   2.250     11741.838   
  1.400   2.250     14046.310   
  1.450   2.250     16350.783   
  1.500   2.250     18545.519   
  1.550   2.250     20520.782   
  1.600   2.250     21936.386   
  1.650   2.250     23351.991   
  1.700   2.250     24207.938   
  1.750   2.250     24778.569   
  1.800   2.250     25195.569   
  1.850   2.250     25524.780   
  1.900   2.250     25766.201   
  1.950   2.250     25897.885   
  2.000   2.250     25894.227   
  2.050   2.250     25864.964   
  2.100   2.250     25804.609   
  2.150   2.250     25766.201   
  2.200   2.250     25788.148   
  2.250   2.250     25864.964   
  2.300   2.250     25941.780   
  2.350   2.250     26007.622   
  2.400   2.250     26073.464   
  2.450   2.250     26073.464   
  2.500   2.250     26073.464   
  2.550   2.250     26073.464   
  2.600   2.250     26073.464   
  2.650   2.250     26073.464   
  2.700   2.250     26073.464   
  2.750   2.250     26073.464   
  2.800   2.250     26073.464   
  2.850   2.250     26073.464   
  2.900   2.250     26073.464   
  2.950   2.250     26073.464   
  3.000   2.250     26073.464   

  0.250   2.300    133044.896   
  0.300   2.300    133044.896   
  0.350   2.300    133044.896   
  0.400   2.300    133044.896   
  0.450   2.300    133044.896   
  0.500   2.300    123980.637   
  0.550   2.300    114916.377   
  0.600   2.300     92486.175   
  0.650   2.300     66566.343   
  0.700   2.300     43565.510   
  0.750   2.300     27521.989   
  0.800   2.300     16526.362   
  0.850   2.300      9261.786   
  0.900   2.300      4718.682   
  0.950   2.300      2216.683   
  1.000   2.300      1163.210   
  1.050   2.300      1207.105   
  1.100   2.300      2041.104   
  1.150   2.300      3423.788   
  1.200   2.300      5179.577   
  1.250   2.300      7220.681   
  1.300   2.300      9393.470   
  1.350   2.300     11697.943   
  1.400   2.300     14024.363   
  1.450   2.300     16350.783   
  1.500   2.300     18633.309   
  1.550   2.300     20762.203   
  1.600   2.300     22627.728   
  1.650   2.300     23889.701   
  1.700   2.300     25151.675   
  1.750   2.300     25810.095   
  1.800   2.300     26270.990   
  1.850   2.300     26578.253   
  1.900   2.300     26775.779   
  1.950   2.300     26841.621   
  2.000   2.300     26812.358   
  2.050   2.300     26783.095   
  2.100   2.300     26753.832   
  2.150   2.300     26742.858   
  2.200   2.300     26731.884   
  2.250   2.300     26797.727   
  2.300   2.300     26863.569   
  2.350   2.300     26918.437   
  2.400   2.300     26973.305   
  2.450   2.300     26973.305   
  2.500   2.300     26973.305   
  2.550   2.300     26973.305   
  2.600   2.300     26973.305   
  2.650   2.300     26973.305   
  2.700   2.300     26973.305   
  2.750   2.300     26973.305   
  2.800   2.300     26973.305   
  2.850   2.300     26973.305   
  2.900   2.300     26973.305   
  2.950   2.300     26973.305   
  3.000   2.300     26973.305   

  0.250   2.350    132825.423   
  0.300   2.350    132825.423   
  0.350   2.350    132825.423   
  0.400   2.350    132825.423   
  0.450   2.350    132825.423   
  0.500   2.350    123761.163   
  0.550   2.350    114696.903   
  0.600   2.350     92288.649   
  0.650   2.350     66390.764   
  0.700   2.350     43389.931   
  0.750   2.350     27346.411   
  0.800   2.350     16372.731   
  0.850   2.350      9108.154   
  0.900   2.350      4586.998   
  0.950   2.350      2084.999   
  1.000   2.350      1075.421   
  1.050   2.350      1119.315   
  1.100   2.350      1953.315   
  1.150   2.350      3357.946   
  1.200   2.350      5135.682   
  1.250   2.350      7176.787   
  1.300   2.350      9371.523   
  1.350   2.350     11654.048   
  1.400   2.350     13980.468   
  1.450   2.350     16328.836   
  1.500   2.350     18633.309   
  1.550   2.350     20871.939   
  1.600   2.350     22913.044   
  1.650   2.350     24405.464   
  1.700   2.350     25897.885   
  1.750   2.350     26753.832   
  1.800   2.350     27258.621   
  1.850   2.350     27587.832   
  1.900   2.350     27763.410   
  1.950   2.350     27785.358   
  2.000   2.350     27734.147   
  2.050   2.350     27682.937   
  2.100   2.350     27631.726   
  2.150   2.350     27609.779   
  2.200   2.350     27587.832   
  2.250   2.350     27642.700   
  2.300   2.350     27697.568   
  2.350   2.350     27741.463   
  2.400   2.350     27785.358   
  2.450   2.350     27785.358   
  2.500   2.350     27785.358   
  2.550   2.350     27785.358   
  2.600   2.350     27785.358   
  2.650   2.350     27785.358   
  2.700   2.350     27785.358   
  2.750   2.350     27785.358   
  2.800   2.350     27785.358   
  2.850   2.350     27785.358   
  2.900   2.350     27785.358   
  2.950   2.350     27785.358   
  3.000   2.350     27785.358   

  0.250   2.400    132671.791   
  0.300   2.400    132671.791   
  0.350   2.400    132671.791   
  0.400   2.400    132671.791   
  0.450   2.400    132671.791   
  0.500   2.400    123607.532   
  0.550   2.400    114543.272   
  0.600   2.400     92135.017   
  0.650   2.400     66237.132   
  0.700   2.400     43258.247   
  0.750   2.400     27214.726   
  0.800   2.400     16241.046   
  0.850   2.400      8998.418   
  0.900   2.400      4477.261   
  0.950   2.400      1997.210   
  1.000   2.400       987.631   
  1.050   2.400      1053.473   
  1.100   2.400      1909.420   
  1.150   2.400      3314.051   
  1.200   2.400      5091.788   
  1.250   2.400      7132.892   
  1.300   2.400      9327.628   
  1.350   2.400     11632.101   
  1.400   2.400     13958.521   
  1.450   2.400     16306.888   
  1.500   2.400     18633.309   
  1.550   2.400     20893.887   
  1.600   2.400     23044.728   
  1.650   2.400     24954.148   
  1.700   2.400     26238.069   
  1.750   2.400     27521.989   
  1.800   2.400     28158.463   
  1.850   2.400     28509.621   
  1.900   2.400     28685.200   
  1.950   2.400     28707.147   
  2.000   2.400     28648.621   
  2.050   2.400     28590.094   
  2.100   2.400     28531.568   
  2.150   2.400     28454.752   
  2.200   2.400     28377.936   
  2.250   2.400     28421.831   
  2.300   2.400     28465.726   
  2.350   2.400     28498.647   
  2.400   2.400     28531.568   
  2.450   2.400     28531.568   
  2.500   2.400     28531.568   
  2.550   2.400     28531.568   
  2.600   2.400     28531.568   
  2.650   2.400     28531.568   
  2.700   2.400     28531.568   
  2.750   2.400     28531.568   
  2.800   2.400     28531.568   
  2.850   2.400     28531.568   
  2.900   2.400     28531.568   
  2.950   2.400     28531.568   
  3.000   2.400     28531.568   

  0.250   2.450    132540.107   
  0.300   2.450    132540.107   
  0.350   2.450    132540.107   
  0.400   2.450    132540.107   
  0.450   2.450    132540.107   
  0.500   2.450    123475.847   
  0.550   2.450    114411.588   
  0.600   2.450     92025.280   
  0.650   2.450     66127.396   
  0.700   2.450     43148.510   
  0.750   2.450     27104.990   
  0.800   2.450     16153.257   
  0.850   2.450      8910.628   
  0.900   2.450      4411.419   
  0.950   2.450      1909.420   
  1.000   2.450       921.789   
  1.050   2.450       987.631   
  1.100   2.450      1843.578   
  1.150   2.450      3270.157   
  1.200   2.450      5069.840   
  1.250   2.450      7110.945   
  1.300   2.450      9327.628   
  1.350   2.450     11610.153   
  1.400   2.450     13936.574   
  1.450   2.450     16284.941   
  1.500   2.450     18611.361   
  1.550   2.450     20871.939   
  1.600   2.450     23066.675   
  1.650   2.450     25107.780   
  1.700   2.450     26841.621   
  1.750   2.450     27884.121   
  1.800   2.450     28926.620   
  1.850   2.450     29365.568   
  1.900   2.450     29541.147   
  1.950   2.450     29585.041   
  2.000   2.450     29504.568   
  2.050   2.450     29398.489   
  2.100   2.450     29266.805   
  2.150   2.450     29146.094   
  2.200   2.450     29102.199   
  2.250   2.450     29135.120   
  2.300   2.450     29168.041   
  2.350   2.450     29189.989   
  2.400   2.450     29211.936   
  2.450   2.450     29211.936   
  2.500   2.450     29211.936   
  2.550   2.450     29211.936   
  2.600   2.450     29211.936   
  2.650   2.450     29211.936   
  2.700   2.450     29211.936   
  2.750   2.450     29211.936   
  2.800   2.450     29211.936   
  2.850   2.450     29211.936   
  2.900   2.450     29211.936   
  2.950   2.450     29211.936   
  3.000   2.450     29211.936   

  0.250   2.500    132452.318   
  0.300   2.500    132452.318   
  0.350   2.500    132452.318   
  0.400   2.500    132452.318   
  0.450   2.500    132452.318   
  0.500   2.500    123388.058   
  0.550   2.500    114323.798   
  0.600   2.500     91915.544   
  0.650   2.500     66039.606   
  0.700   2.500     43060.720   
  0.750   2.500     27017.200   
  0.800   2.500     16065.468   
  0.850   2.500      8822.839   
  0.900   2.500      4323.630   
  0.950   2.500      1865.526   
  1.000   2.500       855.947   
  1.050   2.500       943.736   
  1.100   2.500      1821.631   
  1.150   2.500      3248.209   
  1.200   2.500      5047.893   
  1.250   2.500      7110.945   
  1.300   2.500      9327.628   
  1.350   2.500     11610.153   
  1.400   2.500     13936.574   
  1.450   2.500     16284.941   
  1.500   2.500     18589.414   
  1.550   2.500     20871.939   
  1.600   2.500     23066.675   
  1.650   2.500     25151.675   
  1.700   2.500     27039.148   
  1.750   2.500     28290.147   
  1.800   2.500     29541.147   
  1.850   2.500     30111.778   
  1.900   2.500     30331.252   
  1.950   2.500     30397.094   
  2.000   2.500     30265.409   
  2.050   2.500     30133.725   
  2.100   2.500     30002.041   
  2.150   2.500     29881.331   
  2.200   2.500     29760.620   
  2.250   2.500     29782.568   
  2.300   2.500     29804.515   
  2.350   2.500     29815.489   
  2.400   2.500     29826.462   
  2.450   2.500     29826.462   
  2.500   2.500     29826.462   
  2.550   2.500     29826.462   
  2.600   2.500     29826.462   
  2.650   2.500     29826.462   
  2.700   2.500     29826.462   
  2.750   2.500     29826.462   
  2.800   2.500     29826.462   
  2.850   2.500     29826.462   
  2.900   2.500     29826.462   
  2.950   2.500     29826.462   
  3.000   2.500     29826.462   

  0.250   2.550    132386.476   
  0.300   2.550    132386.476   
  0.350   2.550    132386.476   
  0.400   2.550    132386.476   
  0.450   2.550    132386.476   
  0.500   2.550    123311.242   
  0.550   2.550    114236.009   
  0.600   2.550     91849.702   
  0.650   2.550     65951.817   
  0.700   2.550     42994.878   
  0.750   2.550     26951.358   
  0.800   2.550     15999.625   
  0.850   2.550      8778.944   
  0.900   2.550      4279.735   
  0.950   2.550      1799.684   
  1.000   2.550       812.052   
  1.050   2.550       921.789   
  1.100   2.550      1799.684   
  1.150   2.550      3226.262   
  1.200   2.550      5047.893   
  1.250   2.550      7110.945   
  1.300   2.550      9327.628   
  1.350   2.550     11632.101   
  1.400   2.550     13936.574   
  1.450   2.550     16262.994   
  1.500   2.550     18589.414   
  1.550   2.550     20849.992   
  1.600   2.550     23044.728   
  1.650   2.550     25173.622   
  1.700   2.550     27126.937   
  1.750   2.550     28794.936   
  1.800   2.550     29771.594   
  1.850   2.550     30748.251   
  1.900   2.550     31077.462   
  1.950   2.550     31143.304   
  2.000   2.550     31004.304   
  2.050   2.550     30868.962   
  2.100   2.550     30737.278   
  2.150   2.550     30616.567   
  2.200   2.550     30353.199   
  2.250   2.550     30364.173   
  2.300   2.550     30375.146   
  2.350   2.550     30375.146   
  2.400   2.550     30375.146   
  2.450   2.550     30375.146   
  2.500   2.550     30375.146   
  2.550   2.550     30375.146   
  2.600   2.550     30375.146   
  2.650   2.550     30375.146   
  2.700   2.550     30375.146   
  2.750   2.550     30375.146   
  2.800   2.550     30375.146   
  2.850   2.550     30375.146   
  2.900   2.550     30375.146   
  2.950   2.550     30375.146   
  3.000   2.550     30375.146   

  0.250   2.600    132320.633   
  0.300   2.600    132320.633   
  0.350   2.600    132320.633   
  0.400   2.600    132320.633   
  0.450   2.600    132320.633   
  0.500   2.600    123256.374   
  0.550   2.600    114192.114   
  0.600   2.600     91783.860   
  0.650   2.600     65885.975   
  0.700   2.600     42929.036   
  0.750   2.600     26885.516   
  0.800   2.600     15933.783   
  0.850   2.600      8713.102   
  0.900   2.600      4235.840   
  0.950   2.600      1755.789   
  1.000   2.600       790.105   
  1.050   2.600       899.842   
  1.100   2.600      1777.736   
  1.150   2.600      3226.262   
  1.200   2.600      5069.840   
  1.250   2.600      7132.892   
  1.300   2.600      9349.575   
  1.350   2.600     11654.048   
  1.400   2.600     13958.521   
  1.450   2.600     16284.941   
  1.500   2.600     18589.414   
  1.550   2.600     20828.045   
  1.600   2.600     23022.781   
  1.650   2.600     25151.675   
  1.700   2.600     27148.884   
  1.750   2.600     28948.568   
  1.800   2.600     30111.778   
  1.850   2.600     31274.988   
  1.900   2.600     31735.883   
  1.950   2.600     31823.672   
  2.000   2.600     31706.619   
  2.050   2.600     31589.567   
  2.100   2.600     31472.514   
  2.150   2.600     31187.199   
  2.200   2.600     30901.883   
  2.250   2.600     30890.909   
  2.300   2.600     30879.936   
  2.350   2.600     30868.962   
  2.400   2.600     30857.988   
  2.450   2.600     30857.988   
  2.500   2.600     30857.988   
  2.550   2.600     30857.988   
  2.600   2.600     30857.988   
  2.650   2.600     30857.988   
  2.700   2.600     30857.988   
  2.750   2.600     30857.988   
  2.800   2.600     30857.988   
  2.850   2.600     30857.988   
  2.900   2.600     30857.988   
  2.950   2.600     30857.988   
  3.000   2.600     30857.988   

  0.250   2.650    132287.712   
  0.300   2.650    132287.712   
  0.350   2.650    132287.712   
  0.400   2.650    132287.712   
  0.450   2.650    132287.712   
  0.500   2.650    123223.453   
  0.550   2.650    114159.193   
  0.600   2.650     91761.912   
  0.650   2.650     65864.027   
  0.700   2.650     42896.115   
  0.750   2.650     26863.569   
  0.800   2.650     15911.836   
  0.850   2.650      8691.155   
  0.900   2.650      4213.893   
  0.950   2.650      1744.815   
  1.000   2.650       768.158   
  1.050   2.650       888.868   
  1.100   2.650      1777.736   
  1.150   2.650      3226.262   
  1.200   2.650      5069.840   
  1.250   2.650      7154.839   
  1.300   2.650      9382.496   
  1.350   2.650     11675.996   
  1.400   2.650     13980.468   
  1.450   2.650     16295.915   
  1.500   2.650     18589.414   
  1.550   2.650     20828.045   
  1.600   2.650     23022.781   
  1.650   2.650     25140.701   
  1.700   2.650     27137.911   
  1.750   2.650     28970.515   
  1.800   2.650     30331.252   
  1.850   2.650     31346.317   
  1.900   2.650     32010.225   
  1.950   2.650     32152.882   
  2.000   2.650     32061.435   
  2.050   2.650     31944.382   
  2.100   2.650     31823.672   
  2.150   2.650     31538.356   
  2.200   2.650     31373.751   
  2.250   2.650     31318.883   
  2.300   2.650     31307.909   
  2.350   2.650     31296.935   
  2.400   2.650     31274.988   
  2.450   2.650     31274.988   
  2.500   2.650     31274.988   
  2.550   2.650     31274.988   
  2.600   2.650     31274.988   
  2.650   2.650     31274.988   
  2.700   2.650     31274.988   
  2.750   2.650     31274.988   
  2.800   2.650     31274.988   
  2.850   2.650     31274.988   
  2.900   2.650     31274.988   
  2.950   2.650     31274.988   
  3.000   2.650     31274.988   

  0.250   2.700    132254.791   
  0.300   2.700    132254.791   
  0.350   2.700    132254.791   
  0.400   2.700    132254.791   
  0.450   2.700    132254.791   
  0.500   2.700    123190.532   
  0.550   2.700    114126.272   
  0.600   2.700     91739.965   
  0.650   2.700     65842.080   
  0.700   2.700     42863.194   
  0.750   2.700     26841.621   
  0.800   2.700     15889.889   
  0.850   2.700      8669.207   
  0.900   2.700      4191.946   
  0.950   2.700      1733.841   
  1.000   2.700       746.210   
  1.050   2.700       877.894   
  1.100   2.700      1777.736   
  1.150   2.700      3226.262   
  1.200   2.700      5069.840   
  1.250   2.700      7176.787   
  1.300   2.700      9415.417   
  1.350   2.700     11697.943   
  1.400   2.700     14002.416   
  1.450   2.700     16306.888   
  1.500   2.700     18589.414   
  1.550   2.700     20828.045   
  1.600   2.700     23022.781   
  1.650   2.700     25129.727   
  1.700   2.700     27126.937   
  1.750   2.700     28992.463   
  1.800   2.700     30550.725   
  1.850   2.700     31417.646   
  1.900   2.700     32284.567   
  1.950   2.700     32482.093   
  2.000   2.700     32416.251   
  2.050   2.700     32295.540   
  2.100   2.700     32174.830   
  2.150   2.700     32010.225   
  2.200   2.700     31845.619   
  2.250   2.700     31790.751   
  2.300   2.700     31735.883   
  2.350   2.700     31713.935   
  2.400   2.700     31691.988   
  2.450   2.700     31691.988   
  2.500   2.700     31691.988   
  2.550   2.700     31691.988   
  2.600   2.700     31691.988   
  2.650   2.700     31691.988   
  2.700   2.700     31691.988   
  2.750   2.700     31691.988   
  2.800   2.700     31691.988   
  2.850   2.700     31691.988   
  2.900   2.700     31691.988   
  2.950   2.700     31691.988   
  3.000   2.700     31691.988   

  0.250   2.750    132243.818   
  0.300   2.750    132243.818   
  0.350   2.750    132243.818   
  0.400   2.750    132243.818   
  0.450   2.750    132243.818   
  0.500   2.750    123179.558   
  0.550   2.750    123179.558   
  0.600   2.750     90763.307   
  0.650   2.750     62725.555   
  0.700   2.750     40591.642   
  0.750   2.750     25162.648   
  0.800   2.750     14649.863   
  0.850   2.750      7747.418   
  0.900   2.750      3511.578   
  0.950   2.750      1229.052   
  1.000   2.750       384.079   
  1.050   2.750       603.552   
  1.100   2.750      1591.184   
  1.150   2.750      3105.551   
  1.200   2.750      5003.998   
  1.250   2.750      7154.839   
  1.300   2.750      9426.391   
  1.350   2.750     11741.838   
  1.400   2.750     14035.337   
  1.450   2.750     16306.888   
  1.500   2.750     18600.388   
  1.550   2.750     20849.992   
  1.600   2.750     23044.728   
  1.650   2.750     25151.675   
  1.700   2.750     27148.884   
  1.750   2.750     29036.357   
  1.800   2.750     30715.330   
  1.850   2.750     31982.790   
  1.900   2.750     32628.409   
  1.950   2.750     33052.724   
  2.000   2.750     33118.566   
  2.050   2.750     32997.856   
  2.100   2.750     32449.172   
  2.150   2.750     32361.382   
  2.200   2.750     32196.777   
  2.250   2.750     32141.909   
  2.300   2.750     32087.040   
  2.350   2.750     32065.093   
  2.400   2.750     32021.198   
  2.450   2.750     32021.198   
  2.500   2.750     32021.198   
  2.550   2.750     32021.198   
  2.600   2.750     32021.198   
  2.650   2.750     32021.198   
  2.700   2.750     32021.198   
  2.750   2.750     32021.198   
  2.800   2.750     32021.198   
  2.850   2.750     32021.198   
  2.900   2.750     32021.198   
  2.950   2.750     32021.198   
  3.000   2.750     32021.198   

  0.250   2.800    132232.844   
  0.300   2.800    132232.844   
  0.350   2.800    132232.844   
  0.400   2.800    132232.844   
  0.450   2.800    132232.844   
  0.500   2.800    132232.844   
  0.550   2.800    132232.844   
  0.600   2.800     89786.650   
  0.650   2.800     59609.030   
  0.700   2.800     38320.091   
  0.750   2.800     23483.675   
  0.800   2.800     13409.837   
  0.850   2.800      6825.629   
  0.900   2.800      2831.209   
  0.950   2.800       724.263   
  1.000   2.800        21.947   
  1.050   2.800       329.210   
  1.100   2.800      1404.631   
  1.150   2.800      2984.841   
  1.200   2.800      4938.156   
  1.250   2.800      7132.892   
  1.300   2.800      9437.365   
  1.350   2.800     11785.732   
  1.400   2.800     14068.258   
  1.450   2.800     16306.888   
  1.500   2.800     18611.361   
  1.550   2.800     20871.939   
  1.600   2.800     23066.675   
  1.650   2.800     25173.622   
  1.700   2.800     27170.832   
  1.750   2.800     29080.252   
  1.800   2.800     30879.936   
  1.850   2.800     32547.935   
  1.900   2.800     32972.251   
  1.950   2.800     33396.566   
  2.000   2.800     33820.882   
  2.050   2.800     33272.198   
  2.100   2.800     32723.514   
  2.150   2.800     32635.724   
  2.200   2.800     32547.935   
  2.250   2.800     32493.066   
  2.300   2.800     32438.198   
  2.350   2.800     32394.303   
  2.400   2.800     32350.409   
  2.450   2.800     32350.409   
  2.500   2.800     32350.409   
  2.550   2.800     32350.409   
  2.600   2.800     32350.409   
  2.650   2.800     32350.409   
  2.700   2.800     32350.409   
  2.750   2.800     32350.409   
  2.800   2.800     32350.409   
  2.850   2.800     32350.409   
  2.900   2.800     32350.409   
  2.950   2.800     32350.409   
  3.000   2.800     32350.409   

  0.250   2.850    132232.844   
  0.300   2.850    132232.844   
  0.350   2.850    132232.844   
  0.400   2.850    132232.844   
  0.450   2.850    132232.844   
  0.500   2.850    132232.844   
  0.550   2.850    132232.844   
  0.600   2.850     89786.650   
  0.650   2.850     59598.056   
  0.700   2.850     38309.117   
  0.750   2.850     23472.702   
  0.800   2.850     13398.863   
  0.850   2.850      6814.655   
  0.900   2.850      2820.236   
  0.950   2.850       713.289   
  1.000   2.850        10.974   
  1.050   2.850       329.210   
  1.100   2.850      1404.631   
  1.150   2.850      2995.815   
  1.200   2.850      4949.130   
  1.250   2.850      7154.839   
  1.300   2.850      9470.286   
  1.350   2.850     11840.601   
  1.400   2.850     14123.126   
  1.450   2.850     16328.836   
  1.500   2.850     18622.335   
  1.550   2.850     20882.913   
  1.600   2.850     23066.675   
  1.650   2.850     25173.622   
  1.700   2.850     27170.832   
  1.750   2.850     29069.278   
  1.800   2.850     30857.988   
  1.850   2.850     32525.988   
  1.900   2.850     33568.487   
  1.950   2.850     33992.803   
  2.000   2.850     34150.092   
  2.050   2.850     33601.408   
  2.100   2.850     32997.856   
  2.150   2.850     32910.066   
  2.200   2.850     32822.277   
  2.250   2.850     32767.408   
  2.300   2.850     32701.566   
  2.350   2.850     32646.698   
  2.400   2.850     32602.803   
  2.450   2.850     32602.803   
  2.500   2.850     32602.803   
  2.550   2.850     32602.803   
  2.600   2.850     32602.803   
  2.650   2.850     32602.803   
  2.700   2.850     32602.803   
  2.750   2.850     32602.803   
  2.800   2.850     32602.803   
  2.850   2.850     32602.803   
  2.900   2.850     32602.803   
  2.950   2.850     32602.803   
  3.000   2.850     32602.803   

  0.250   2.900    132232.844   
  0.300   2.900    132232.844   
  0.350   2.900    132232.844   
  0.400   2.900    132232.844   
  0.450   2.900    132232.844   
  0.500   2.900    132232.844   
  0.550   2.900    132232.844   
  0.600   2.900     89786.650   
  0.650   2.900     59587.082   
  0.700   2.900     38298.143   
  0.750   2.900     23461.728   
  0.800   2.900     13387.890   
  0.850   2.900      6803.682   
  0.900   2.900      2809.262   
  0.950   2.900       702.316   
  1.000   2.900         0.000   
  1.050   2.900       329.210   
  1.100   2.900      1404.631   
  1.150   2.900      3006.788   
  1.200   2.900      4960.103   
  1.250   2.900      7176.787   
  1.300   2.900      9503.207   
  1.350   2.900     11895.469   
  1.400   2.900     14177.995   
  1.450   2.900     16350.783   
  1.500   2.900     18633.309   
  1.550   2.900     20893.887   
  1.600   2.900     23066.675   
  1.650   2.900     25173.622   
  1.700   2.900     27170.832   
  1.750   2.900     29058.305   
  1.800   2.900     30836.041   
  1.850   2.900     32504.040   
  1.900   2.900     33546.540   
  1.950   2.900     34589.039   
  2.000   2.900     34479.303   
  2.050   2.900     33875.750   
  2.100   2.900     33272.198   
  2.150   2.900     33184.408   
  2.200   2.900     33096.619   
  2.250   2.900     33030.777   
  2.300   2.900     32964.935   
  2.350   2.900     32910.066   
  2.400   2.900     32855.198   
  2.450   2.900     32855.198   
  2.500   2.900     32855.198   
  2.550   2.900     32855.198   
  2.600   2.900     32855.198   
  2.650   2.900     32855.198   
  2.700   2.900     32855.198   
  2.750   2.900     32855.198   
  2.800   2.900     32855.198   
  2.850   2.900     32855.198   
  2.900   2.900     32855.198   
  2.950   2.900     32855.198   
  3.000   2.900     32855.198   

  0.250   2.950    132238.331   
  0.300   2.950    132238.331   
  0.350   2.950    132238.331   
  0.400   2.950    132238.331   
  0.450   2.950    132238.331   
  0.500   2.950    132238.331   
  0.550   2.950    132238.331   
  0.600   2.950     89786.650   
  0.650   2.950     59587.082   
  0.700   2.950     38292.656   
  0.750   2.950     23456.241   
  0.800   2.950     13382.403   
  0.850   2.950      6798.195   
  0.900   2.950      2803.775   
  0.950   2.950       702.316   
  1.000   2.950         0.000   
  1.050   2.950       329.210   
  1.100   2.950      1410.118   
  1.150   2.950      3012.275   
  1.200   2.950      4971.077   
  1.250   2.950      7193.247   
  1.300   2.950      9530.641   
  1.350   2.950     11933.877   
  1.400   2.950     14243.837   
  1.450   2.950     16449.546   
  1.500   2.950     18699.151   
  1.550   2.950     20899.374   
  1.600   2.950     23066.675   
  1.650   2.950     25168.135   
  1.700   2.950     27159.858   
  1.750   2.950     29047.331   
  1.800   2.950     30825.067   
  1.850   2.950     32364.126   
  1.900   2.950     33488.928   
  1.950   2.950     34531.428   
  2.000   2.950     34709.750   
  2.050   2.950     34106.197   
  2.100   2.950     33480.698   
  2.150   2.950     33381.935   
  2.200   2.950     33294.145   
  2.250   2.950     33206.356   
  2.300   2.950     33140.514   
  2.350   2.950     33074.672   
  2.400   2.950     33019.803   
  2.450   2.950     33019.803   
  2.500   2.950     33019.803   
  2.550   2.950     33019.803   
  2.600   2.950     33019.803   
  2.650   2.950     33019.803   
  2.700   2.950     33019.803   
  2.750   2.950     33019.803   
  2.800   2.950     33019.803   
  2.850   2.950     33019.803   
  2.900   2.950     33019.803   
  2.950   2.950     33019.803   
  3.000   2.950     33019.803   

  0.250   3.000    132243.818  
  0.300   3.000    132243.818  
  0.350   3.000    132243.818  
  0.400   3.000    132243.818  
  0.450   3.000    132243.818  
  0.500   3.000    132243.818  
  0.550   3.000    132243.818  
  0.600   3.000     89786.650  
  0.650   3.000     59587.082  
  0.700   3.000     38287.170  
  0.750   3.000     23450.754  
  0.800   3.000     13376.916  
  0.850   3.000      6792.708  
  0.900   3.000      2798.288  
  0.950   3.000       702.316  
  1.000   3.000         0.000  
  1.050   3.000       329.210  
  1.100   3.000      1415.605  
  1.150   3.000      3017.762  
  1.200   3.000      4982.051  
  1.250   3.000      7209.708  
  1.300   3.000      9558.075  
  1.350   3.000     11972.285  
  1.400   3.000     14309.679  
  1.450   3.000     16548.309  
  1.500   3.000     18764.993  
  1.550   3.000     20904.860  
  1.600   3.000     23066.675  
  1.650   3.000     25162.648  
  1.700   3.000     27148.884  
  1.750   3.000     29036.357  
  1.800   3.000     30814.093  
  1.850   3.000     32224.211  
  1.900   3.000     33376.448  
  1.950   3.000     34473.816  
  2.000   3.000     34940.197  
  2.050   3.000     34336.645  
  2.100   3.000     33689.198  
  2.150   3.000     33579.461  
  2.200   3.000     33491.671  
  2.250   3.000     33381.935  
  2.300   3.000     33316.092  
  2.350   3.000     33239.277  
  2.400   3.000     33184.408  
  2.450   3.000     33184.408  
  2.500   3.000     33184.408  
  2.550   3.000     33184.408  
  2.600   3.000     33184.408  
  2.650   3.000     33184.408  
  2.700   3.000     33184.408  
  2.750   3.000     33184.408  
  2.800   3.000     33184.408  
  2.850   3.000     33184.408  
  2.900   3.000     33184.408  
  2.950   3.000     33184.408  
  3.000   3.000     33184.408  

  0.250   3.050    132249.305  
  0.300   3.050    132249.305  
  0.350   3.050    132249.305  
  0.400   3.050    132249.305  
  0.450   3.050    132249.305  
  0.500   3.050    132249.305  
  0.550   3.050    132249.305  
  0.600   3.050     89786.650  
  0.650   3.050     59587.082  
  0.700   3.050     38281.683  
  0.750   3.050     23445.267  
  0.800   3.050     13371.429  
  0.850   3.050      6787.221  
  0.900   3.050      2792.802  
  0.950   3.050       702.316  
  1.000   3.050         0.000  
  1.050   3.050       329.210  
  1.100   3.050      1421.092  
  1.150   3.050      3023.249  
  1.200   3.050      4993.024  
  1.250   3.050      7226.168  
  1.300   3.050      9585.509  
  1.350   3.050     12010.693  
  1.400   3.050     14375.521  
  1.450   3.050     16647.073  
  1.500   3.050     18830.835  
  1.550   3.050     20910.347  
  1.600   3.050     23066.675  
  1.650   3.050     25157.161  
  1.700   3.050     27137.911  
  1.750   3.050     29025.384  
  1.800   3.050     30803.120  
  1.850   3.050     32084.297  
  1.900   3.050     33236.533  
  1.950   3.050     34388.770  
  2.000   3.050     35170.644  
  2.050   3.050     34545.145  
  2.100   3.050     33897.698  
  2.150   3.050     33787.961  
  2.200   3.050     33689.198  
  2.250   3.050     33579.461  
  2.300   3.050     33491.671  
  2.350   3.050     33414.856  
  2.400   3.050     33349.014  
  2.450   3.050     33349.014  
  2.500   3.050     33349.014  
  2.550   3.050     33349.014  
  2.600   3.050     33349.014  
  2.650   3.050     33349.014  
  2.700   3.050     33349.014  
  2.750   3.050     33349.014  
  2.800   3.050     33349.014  
  2.850   3.050     33349.014  
  2.900   3.050     33349.014  
  2.950   3.050     33349.014  
  3.000   3.050     33349.014  

  0.250   3.100    132254.791  
  0.300   3.100    132254.791  
  0.350   3.100    132254.791  
  0.400   3.100    132254.791  
  0.450   3.100    132254.791  
  0.500   3.100    132254.791  
  0.550   3.100    132254.791  
  0.600   3.100     89786.650  
  0.650   3.100     59587.082  
  0.700   3.100     38276.196  
  0.750   3.100     23439.780  
  0.800   3.100     13365.942  
  0.850   3.100      6781.734  
  0.900   3.100      2787.315  
  0.950   3.100       702.316  
  1.000   3.100         0.000  
  1.050   3.100       329.210  
  1.100   3.100      1426.578  
  1.150   3.100      3028.736  
  1.200   3.100      5003.998  
  1.250   3.100      7242.629  
  1.300   3.100      9612.944  
  1.350   3.100     12049.101  
  1.400   3.100     14441.363  
  1.450   3.100     16745.836  
  1.500   3.100     18896.677  
  1.550   3.100     20915.834  
  1.600   3.100     23066.675  
  1.650   3.100     25151.675  
  1.700   3.100     27126.937  
  1.750   3.100     29014.410  
  1.800   3.100     30792.146  
  1.850   3.100     31944.382  
  1.900   3.100     33096.619  
  1.950   3.100     34248.855  
  2.000   3.100     35401.092  
  2.050   3.100     34753.645  
  2.100   3.100     34106.197  
  2.150   3.100     33996.461  
  2.200   3.100     33886.724  
  2.250   3.100     33776.987  
  2.300   3.100     33667.250  
  2.350   3.100     33590.434  
  2.400   3.100     33513.619  
  2.450   3.100     33513.619  
  2.500   3.100     33513.619  
  2.550   3.100     33513.619  
  2.600   3.100     33513.619  
  2.650   3.100     33513.619  
  2.700   3.100     33513.619  
  2.750   3.100     33513.619  
  2.800   3.100     33513.619  
  2.850   3.100     33513.619  
  2.900   3.100     33513.619  
  2.950   3.100     33513.619  
  3.000   3.100     33513.619  