  0.250   0.700      290275.783 
  0.300   0.700      290275.783 
  0.350   0.700      290275.783 
  0.400   0.700      290275.783 
  0.450   0.700      290275.783 
  0.500   0.700      290275.783 
  0.550   0.700      290275.783 
  0.600   0.700      245371.485 
  0.650   0.700      213043.024 
  0.700   0.700      189822.717 
  0.750   0.700      173208.565 
  0.800   0.700      150119.942 
  0.850   0.700      133110.738 
  0.900   0.700      119393.638 
  0.950   0.700      108332.169 
  1.000   0.700       99421.541 
  1.050   0.700       92266.701 
  1.100   0.700       86538.440 
  1.150   0.700       81951.442 
  1.200   0.700       78330.128  
  1.250   0.700       75476.971 
  1.300   0.700       73282.235 
  1.350   0.700       71592.288 
  1.400   0.700       70341.289 
  1.450   0.700       69463.394 
  1.500   0.700       68870.816 
  1.550   0.700       68541.605 
  1.600   0.700       68431.868 
  1.650   0.700       68475.763 
  1.700   0.700       68673.289 
  1.750   0.700       68980.552 
  1.800   0.700       69375.605 
  1.850   0.700       69858.447 
  1.900   0.700       70407.131 
  1.950   0.700       70999.710 
  2.000   0.700       71614.236 
  2.050   0.700       72283.630 
  2.100   0.700       72953.025 
  2.150   0.700       73644.366 
  2.200   0.700       74335.708 
  2.250   0.700       75038.024 
  2.300   0.700       75740.339 
  2.350   0.700       76442.655 
  2.400   0.700       77144.970 
  2.450   0.700       77144.970 
  2.500   0.700       77144.970 
  2.550   0.700       77144.970 
  2.600   0.700       77144.970 
  2.650   0.700       77144.970 
  2.700   0.700       77144.970 
  2.750   0.700       77144.970 
  2.800   0.700       77144.970 
  2.850   0.700       77144.970 
  2.900   0.700       77144.970 
  2.950   0.700       77144.970 
  3.000   0.700       77144.970 

  0.250   0.750      290275.783 
  0.300   0.750      290275.783 
  0.350   0.750      290275.783 
  0.400   0.750      290275.783 
  0.450   0.750      290275.783 
  0.500   0.750      290275.783 
  0.550   0.750      290275.783 
  0.600   0.750      245371.485 
  0.650   0.750      213043.024 
  0.700   0.750      189822.717 
  0.750   0.750      173208.565 
  0.800   0.750      150119.942 
  0.850   0.750      133110.738 
  0.900   0.750      119393.638 
  0.950   0.750      108332.169 
  1.000   0.750       99421.541 
  1.050   0.750       92266.701 
  1.100   0.750       86538.440 
  1.150   0.750       81951.442 
  1.200   0.750       78330.128 
  1.250   0.750       75476.971 
  1.300   0.750       73282.235 
  1.350   0.750       71592.288 
  1.400   0.750       70341.289 
  1.450   0.750       69463.394 
  1.500   0.750       68870.816 
  1.550   0.750       68541.605 
  1.600   0.750       68431.868 
  1.650   0.750       68475.763 
  1.700   0.750       68673.289 
  1.750   0.750       68980.552 
  1.800   0.750       69375.605 
  1.850   0.750       69858.447 
  1.900   0.750       70407.131 
  1.950   0.750       70999.710 
  2.000   0.750       71614.236 
  2.050   0.750       72283.630 
  2.100   0.750       72953.025 
  2.150   0.750       73644.366 
  2.200   0.750       74335.708 
  2.250   0.750       75038.024 
  2.300   0.750       75740.339 
  2.350   0.750       76442.655 
  2.400   0.750       77144.970 
  2.450   0.750       77144.970 
  2.500   0.750       77144.970 
  2.550   0.750       77144.970 
  2.600   0.750       77144.970 
  2.650   0.750       77144.970 
  2.700   0.750       77144.970 
  2.750   0.750       77144.970 
  2.800   0.750       77144.970 
  2.850   0.750       77144.970 
  2.900   0.750       77144.970 
  2.950   0.750       77144.970 
  3.000   0.750       77144.970 

  0.250   0.800      290275.783 
  0.300   0.800      290275.783 
  0.350   0.800      290275.783 
  0.400   0.800      290275.783 
  0.450   0.800      290275.783 
  0.500   0.800      290275.783 
  0.550   0.800      290275.783 
  0.600   0.800      245371.485 
  0.650   0.800      213043.024 
  0.700   0.800      189822.717 
  0.750   0.800      173208.565 
  0.800   0.800      150119.942 
  0.850   0.800      133110.738 
  0.900   0.800      119393.638 
  0.950   0.800      108332.169 
  1.000   0.800       99421.541 
  1.050   0.800       92266.701 
  1.100   0.800       86538.440 
  1.150   0.800       81951.442 
  1.200   0.800       78330.128 
  1.250   0.800       75476.971 
  1.300   0.800       73282.235 
  1.350   0.800       71592.288 
  1.400   0.800       70341.289 
  1.450   0.800       69463.394 
  1.500   0.800       68870.816 
  1.550   0.800       68541.605 
  1.600   0.800       68431.868 
  1.650   0.800       68475.763 
  1.700   0.800       68673.289 
  1.750   0.800       68980.552 
  1.800   0.800       69375.605 
  1.850   0.800       69858.447 
  1.900   0.800       70407.131 
  1.950   0.800       70999.710 
  2.000   0.800       71614.236 
  2.050   0.800       72283.630 
  2.100   0.800       72953.025 
  2.150   0.800       73644.366 
  2.200   0.800       74335.708 
  2.250   0.800       75038.024 
  2.300   0.800       75740.339 
  2.350   0.800       76442.655 
  2.400   0.800       77144.970 
  2.450   0.800       77144.970 
  2.500   0.800       77144.970 
  2.550   0.800       77144.970 
  2.600   0.800       77144.970 
  2.650   0.800       77144.970 
  2.700   0.800       77144.970 
  2.750   0.800       77144.970 
  2.800   0.800       77144.970 
  2.850   0.800       77144.970 
  2.900   0.800       77144.970 
  2.950   0.800       77144.970 
  3.000   0.800       77144.970 

  0.250   0.850      290275.783 
  0.300   0.850      290275.783 
  0.350   0.850      290275.783 
  0.400   0.850      290275.783 
  0.450   0.850      290275.783 
  0.500   0.850      290275.783 
  0.550   0.850      281101.787 
  0.600   0.850      246381.063 
  0.650   0.850      215885.207 
  0.700   0.850      190744.506 
  0.750   0.850      171408.882 
  0.800   0.850      150240.653 
  0.850   0.850      133286.317 
  0.900   0.850      119305.849 
  0.950   0.850      108134.643 
  1.000   0.850       99136.225 
  1.050   0.850       91915.544 
  1.100   0.850       86143.388 
  1.150   0.850       81534.442 
  1.200   0.850       77880.207 
  1.250   0.850       75016.076 
  1.300   0.850       72810.367 
  1.350   0.850       71109.446 
  1.400   0.850       69858.447 
  1.450   0.850       68980.552 
  1.500   0.850       68398.947 
  1.550   0.850       68069.737 
  1.600   0.850       67949.027 
  1.650   0.850       68003.895 
  1.700   0.850       68201.421 
  1.750   0.850       68508.684 
  1.800   0.850       68903.737 
  1.850   0.850       69397.552 
  1.900   0.850       69935.263 
  1.950   0.850       70571.736 
  2.000   0.850       71317.946 
  2.050   0.850       71866.630 
  2.100   0.850       72536.025 
  2.150   0.850       73644.366 
  2.200   0.850       74335.708 
  2.250   0.850       75038.024 
  2.300   0.850       75740.339 
  2.350   0.850       76442.655 
  2.400   0.850       77144.970 
  2.450   0.850       77144.970 
  2.500   0.850       77144.970 
  2.550   0.850       77144.970 
  2.600   0.850       77144.970 
  2.650   0.850       77144.970 
  2.700   0.850       77144.970 
  2.750   0.850       77144.970 
  2.800   0.850       77144.970 
  2.850   0.850       77144.970 
  2.900   0.850       77144.970 
  2.950   0.850       77144.970 
  3.000   0.850       77144.970 

  0.250   0.900      290275.783 
  0.300   0.900      290275.783 
  0.350   0.900      290275.783 
  0.400   0.900      290275.783 
  0.450   0.900      290275.783 
  0.500   0.900      281101.787 
  0.550   0.900      271927.790 
  0.600   0.900      247390.642 
  0.650   0.900      218727.390 
  0.700   0.900      191666.295 
  0.750   0.900      169609.198 
  0.800   0.900      150361.363 
  0.850   0.900      133461.896 
  0.900   0.900      119218.060 
  0.950   0.900      107937.116 
  1.000   0.900       98850.909 
  1.050   0.900       91564.386 
  1.100   0.900       85748.336 
  1.150   0.900       81117.443 
  1.200   0.900       77430.286 
  1.250   0.900       74555.182 
  1.300   0.900       72338.499 
  1.350   0.900       70626.604 
  1.400   0.900       69375.605 
  1.450   0.900       68497.711 
  1.500   0.900       67927.079 
  1.550   0.900       67597.869 
  1.600   0.900       67466.185 
  1.650   0.900       67532.027 
  1.700   0.900       67729.553 
  1.750   0.900       68036.816 
  1.800   0.900       68431.868 
  1.850   0.900       68936.658 
  1.900   0.900       69463.394 
  1.950   0.900       70143.763 
  2.000   0.900       71021.657 
  2.050   0.900       71570.341 
  2.100   0.900       72119.025 
  2.150   0.900       73227.367 
  2.200   0.900       74335.708 
  2.250   0.900       75038.024 
  2.300   0.900       75740.339 
  2.350   0.900       76442.655 
  2.400   0.900       77144.970 
  2.450   0.900       77144.970 
  2.500   0.900       77144.970 
  2.550   0.900       77144.970 
  2.600   0.900       77144.970 
  2.650   0.900       77144.970 
  2.700   0.900       77144.970 
  2.750   0.900       77144.970 
  2.800   0.900       77144.970 
  2.850   0.900       77144.970 
  2.900   0.900       77144.970 
  2.950   0.900       77144.970 
  3.000   0.900       77144.970 

  0.250   0.950      290275.783 
  0.300   0.950      290275.783 
  0.350   0.950      290275.783 
  0.400   0.950      290275.783 
  0.450   0.950      290275.783 
  0.500   0.950      281101.787 
  0.550   0.950      271653.448 
  0.600   0.950      246446.905 
  0.650   0.950      216894.785 
  0.700   0.950      189010.664 
  0.750   0.950      166459.752 
  0.800   0.950      147069.259 
  0.850   0.950      130290.503 
  0.900   0.950      116277.113 
  0.950   0.950      105160.775 
  1.000   0.950       96239.174 
  1.050   0.950       89106.282 
  1.100   0.950       83421.915 
  1.150   0.950       78911.733 
  1.200   0.950       75345.287 
  1.250   0.950       72557.972 
  1.300   0.950       70429.078 
  1.350   0.950       68804.974 
  1.400   0.950       67619.816 
  1.450   0.950       66796.790 
  1.500   0.950       66281.027 
  1.550   0.950       65995.712 
  1.600   0.950       65918.896 
  1.650   0.950       66006.685 
  1.700   0.950       66248.106 
  1.750   0.950       66588.290 
  1.800   0.950       67016.264 
  1.850   0.950       67532.027 
  1.900   0.950       68091.684 
  1.950   0.950       68783.026 
  2.000   0.950       69671.894 
  2.050   0.950       70253.499 
  2.100   0.950       70802.183 
  2.150   0.950       71910.525 
  2.200   0.950       74335.708 
  2.250   0.950       75038.024 
  2.300   0.950       75740.339 
  2.350   0.950       76442.655 
  2.400   0.950       77144.970 
  2.450   0.950       77144.970 
  2.500   0.950       77144.970 
  2.550   0.950       77144.970 
  2.600   0.950       77144.970 
  2.650   0.950       77144.970 
  2.700   0.950       77144.970 
  2.750   0.950       77144.970 
  2.800   0.950       77144.970 
  2.850   0.950       77144.970 
  2.900   0.950       77144.970 
  2.950   0.950       77144.970 
  3.000   0.950       77144.970 

  0.250   1.000      290275.783 
  0.300   1.000      290275.783 
  0.350   1.000      290275.783 
  0.400   1.000      290275.783 
  0.450   1.000      290275.783 
  0.500   1.000      280827.445 
  0.550   1.000      271379.106 
  0.600   1.000      245503.169 
  0.650   1.000      215062.181 
  0.700   1.000      186355.034 
  0.750   1.000      163310.306 
  0.800   1.000      143777.155 
  0.850   1.000      127119.109 
  0.900   1.000      113336.167 
  0.950   1.000      102384.434 
  1.000   1.000       93627.438 
  1.050   1.000       86648.177 
  1.100   1.000       81095.495 
  1.150   1.000       76706.023 
  1.200   1.000       73260.288 
  1.250   1.000       70560.762 
  1.300   1.000       68519.658 
  1.350   1.000       66983.343 
  1.400   1.000       65864.027 
  1.450   1.000       65095.870 
  1.500   1.000       64634.975 
  1.550   1.000       64393.554 
  1.600   1.000       64371.607 
  1.650   1.000       64481.344 
  1.700   1.000       64766.659 
  1.750   1.000       65139.764 
  1.800   1.000       65600.659 
  1.850   1.000       66127.396 
  1.900   1.000       66719.974 
  1.950   1.000       67422.290 
  2.000   1.000       68322.132 
  2.050   1.000       68903.737 
  2.100   1.000       69485.342 
  2.150   1.000       71910.525 
  2.200   1.000       74335.708 
  2.250   1.000       75038.024 
  2.300   1.000       75740.339 
  2.350   1.000       76442.655 
  2.400   1.000       77144.970 
  2.450   1.000       77144.970 
  2.500   1.000       77144.970 
  2.550   1.000       77144.970 
  2.600   1.000       77144.970 
  2.650   1.000       77144.970 
  2.700   1.000       77144.970 
  2.750   1.000       77144.970 
  2.800   1.000       77144.970 
  2.850   1.000       77144.970 
  2.900   1.000       77144.970 
  2.950   1.000       77144.970 
  3.000   1.000       77144.970 

  0.250   1.050      302654.094 
  0.300   1.050      302654.094 
  0.350   1.050      302654.094 
  0.400   1.050      302654.094 
  0.450   1.050      302654.094 
  0.500   1.050      283592.812 
  0.550   1.050      264531.530 
  0.600   1.050      237207.067 
  0.650   1.050      204790.816 
  0.700   1.050      174327.880 
  0.750   1.050      150317.469 
  0.800   1.050      130784.318 
  0.850   1.050      114762.745 
  0.900   1.050      101791.856 
  0.950   1.050       91564.386 
  1.000   1.050       83487.757 
  1.050   1.050       77101.076 
  1.100   1.050       72097.078 
  1.150   1.050       68190.448 
  1.200   1.050       65205.607 
  1.250   1.050       62923.081 
  1.300   1.050       61233.134 
  1.350   1.050       60004.082 
  1.400   1.050       59192.030 
  1.450   1.050       58665.293 
  1.500   1.050       58423.872 
  1.550   1.050       58401.925 
  1.600   1.050       58555.556 
  1.650   1.050       58840.872 
  1.700   1.050       59235.925 
  1.750   1.050       59740.714 
  1.800   1.050       60311.345 
  1.850   1.050       60947.819 
  1.900   1.050       61628.187 
  1.950   1.050       62418.292 
  2.000   1.050       63427.870 
  2.050   1.050       64053.370 
  2.100   1.050       64678.870 
  2.150   1.050       65425.080 
  2.200   1.050       66171.290 
  2.250   1.050       66917.501 
  2.300   1.050       67663.711 
  2.350   1.050       68409.921 
  2.400   1.050       69156.131 
  2.450   1.050       69156.131 
  2.500   1.050       69156.131 
  2.550   1.050       69156.131 
  2.600   1.050       69156.131 
  2.650   1.050       69156.131 
  2.700   1.050       69156.131 
  2.750   1.050       69156.131 
  2.800   1.050       69156.131 
  2.850   1.050       69156.131 
  2.900   1.050       69156.131 
  2.950   1.050       69156.131 
  3.000   1.050       69156.131 

  0.250   1.100      279806.893 
  0.300   1.100      279806.893 
  0.350   1.100      279806.893 
  0.400   1.100      279806.893 
  0.450   1.100      279806.893 
  0.500   1.100      263971.872 
  0.550   1.100      248136.852 
  0.600   1.100      220132.021 
  0.650   1.100      186793.981 
  0.700   1.100      155606.782 
  0.750   1.100      131486.634 
  0.800   1.100      112546.062 
  0.850   1.100       97577.963 
  0.900   1.100       85792.230 
  0.950   1.100       76596.286 
  1.000   1.100       69463.394 
  1.050   1.100       63954.607 
  1.100   1.100       59740.714 
  1.150   1.100       56558.347 
  1.200   1.100       54231.927 
  1.250   1.100       52541.980 
  1.300   1.100       51378.770 
  1.350   1.100       50632.560 
  1.400   1.100       50237.507 
  1.450   1.100       50127.770 
  1.500   1.100       50215.560 
  1.550   1.100       50500.875 
  1.600   1.100       50917.875 
  1.650   1.100       51444.612 
  1.700   1.100       52081.085 
  1.750   1.100       52783.401 
  1.800   1.100       53529.611 
  1.850   1.100       54319.716 
  1.900   1.100       55131.768 
  1.950   1.100       56075.505 
  2.000   1.100       57216.768 
  2.050   1.100       57919.083 
  2.100   1.100       58621.399 
  2.150   1.100       59422.477 
  2.200   1.100       60223.556 
  2.250   1.100       61024.634 
  2.300   1.100       61825.713 
  2.350   1.100       62604.844 
  2.400   1.100       63383.976 
  2.450   1.100       63383.976 
  2.500   1.100       63383.976 
  2.550   1.100       63383.976 
  2.600   1.100       63383.976 
  2.650   1.100       63383.976 
  2.700   1.100       63383.976 
  2.750   1.100       63383.976 
  2.800   1.100       63383.976 
  2.850   1.100       63383.976 
  2.900   1.100       63383.976 
  2.950   1.100       63383.976 
  3.000   1.100       63383.976 

  0.250   1.150      261173.584 
  0.300   1.150      261173.584 
  0.350   1.150      261173.584 
  0.400   1.150      261173.584 
  0.450   1.150      261173.584 
  0.500   1.150      252548.272 
  0.550   1.150      236713.251 
  0.600   1.150      208862.051 
  0.650   1.150      175732.512 
  0.700   1.150      144841.602 
  0.750   1.150      121138.454 
  0.800   1.150      102757.540 
  0.850   1.150       88425.913 
  0.900   1.150       77276.655 
  0.950   1.150       68651.342 
  1.000   1.150       62045.187 
  1.050   1.150       57019.241 
  1.100   1.150       53244.295 
  1.150   1.150       50467.954 
  1.200   1.150       48503.666 
  1.250   1.150       47153.903 
  1.300   1.150       46286.982 
  1.350   1.150       45826.088 
  1.400   1.150       45672.456 
  1.450   1.150       45771.219 
  1.500   1.150       46067.509 
  1.550   1.150       46528.403 
  1.600   1.150       47110.008 
  1.650   1.150       47779.403 
  1.700   1.150       48547.560 
  1.750   1.150       49359.613 
  1.800   1.150       50215.560 
  1.850   1.150      51093.454 
  1.900   1.150      52004.270 
  1.950   1.150      53024.822 
  2.000   1.150      54253.874 
  2.050   1.150      54956.189 
  2.100   1.150      55757.268 
  2.150   1.150      55757.268 
  2.200   1.150      56558.347 
  2.250   1.150      57359.425 
  2.300   1.150      58292.188 
  2.350   1.150      59071.319 
  2.400   1.150      59960.188 
  2.450   1.150      59960.188 
  2.500   1.150      59960.188 
  2.550   1.150      59960.188 
  2.600   1.150      59960.188 
  2.650   1.150      59960.188 
  2.700   1.150      59960.188 
  2.750   1.150      59960.188 
  2.800   1.150      59960.188 
  2.850   1.150      59960.188 
  2.900   1.150      59960.188 
  2.950   1.150      59960.188 
  3.000   1.150      59960.188 

  0.250   1.200     242540.275 
  0.300   1.200     242540.275 
  0.350   1.200     242540.275 
  0.400   1.200     242540.275 
  0.450   1.200     242540.275 
  0.500   1.200     233914.963 
  0.550   1.200     225289.650 
  0.600   1.200     197592.082 
  0.650   1.200     164671.042 
  0.700   1.200     134076.422 
  0.750   1.200     110790.273 
  0.800   1.200      92969.017 
  0.850   1.200      79273.864 
  0.900   1.200      68761.079 
  0.950   1.200      60706.398 
  1.000   1.200      54626.979 
  1.050   1.200      50083.876 
  1.100   1.200      46747.877 
  1.150   1.200      44377.562 
  1.200   1.200      42775.405 
  1.250   1.200      41765.826 
  1.300   1.200      41195.195 
  1.350   1.200      41019.616 
  1.400   1.200      41107.405 
  1.450   1.200      41414.668 
  1.500   1.200      41919.458 
  1.550   1.200      42555.931 
  1.600   1.200      43302.141 
  1.650   1.200      44114.194 
  1.700   1.200      45014.035 
  1.750   1.200      45935.824 
  1.800   1.200      46901.508 
  1.850   1.200      47867.192 
  1.900   1.200      48876.771 
  1.950   1.200      49974.139 
  2.000   1.200      51290.980 
  2.050   1.200      52092.059 
  2.100   1.200      52893.138 
  2.150   1.200      52893.138 
  2.200   1.200      52893.138 
  2.250   1.200      53825.900 
  2.300   1.200      54758.663 
  2.350   1.200      55647.531 
  2.400   1.200      56536.399 
  2.450   1.200      56536.399 
  2.500   1.200      56536.399 
  2.550   1.200      56536.399 
  2.600   1.200      56536.399 
  2.650   1.200      56536.399 
  2.700   1.200      56536.399 
  2.750   1.200      56536.399 
  2.800   1.200      56536.399 
  2.850   1.200      56536.399 
  2.900   1.200      56536.399 
  2.950   1.200      56536.399 
  3.000   1.200      56536.399 

  0.250   1.250     228746.360 
  0.300   1.250     228746.360 
  0.350   1.250     228746.360 
  0.400   1.250     228746.360 
  0.450   1.250     228746.360 
  0.500   1.250     222590.125 
  0.550   1.250     213964.813 
  0.600   1.250     186761.060 
  0.650   1.250     154498.441 
  0.700   1.250     124606.136 
  0.750   1.250     102000.356 
  0.800   1.250      84804.599 
  0.850   1.250      71691.051 
  0.900   1.250      61715.976 
  0.950   1.250      54166.084 
  1.000   1.250      48536.587 
  1.050   1.250      44410.483 
  1.100   1.250      41458.563 
  1.150   1.250      39439.406 
  1.200   1.250      38155.485 
  1.250   1.250      37431.222 
  1.300   1.250      37134.933 
  1.350   1.250      37200.775 
  1.400   1.250      37508.038 
  1.450   1.250      38023.801 
  1.500   1.250      38704.169 
  1.550   1.250      39505.248 
  1.600   1.250      40394.116 
  1.650   1.250      41348.826 
  1.700   1.250      42369.378 
  1.750   1.250      43400.904 
  1.800   1.250      44465.351 
  1.850   1.250      45529.798 
  1.900   1.250      46605.219 
  1.950   1.250      47790.376 
  2.000   1.250      49195.007 
  2.050   1.250      50094.849 
  2.100   1.250      50895.928 
  2.150   1.250      51049.559 
  2.200   1.250      51049.559 
  2.250   1.250      52092.059 
  2.300   1.250      53024.822 
  2.350   1.250      53913.690 
  2.400   1.250      54923.268 
  2.450   1.250      54923.268 
  2.500   1.250      54923.268 
  2.550   1.250      54923.268 
  2.600   1.250      54923.268 
  2.650   1.250      54923.268 
  2.700   1.250      54923.268 
  2.750   1.250      54923.268 
  2.800   1.250      54923.268 
  2.850   1.250      54923.268 
  2.900   1.250      54923.268 
  2.950   1.250      54923.268 
  3.000   1.250      54923.268 

  0.250   1.300     214952.444 
  0.300   1.300     214952.444 
  0.350   1.300     214952.444 
  0.400   1.300     214952.444 
  0.450   1.300     214952.444 
  0.500   1.300     208796.209 
  0.550   1.300     202639.975 
  0.600   1.300     175930.038 
  0.650   1.300     144325.839 
  0.700   1.300     115135.851 
  0.750   1.300      93210.438 
  0.800   1.300      76640.181 
  0.850   1.300      64108.239 
  0.900   1.300      54670.874 
  0.950   1.300      47625.771 
  1.000   1.300      42446.194 
  1.050   1.300      38737.090 
  1.100   1.300      36169.249 
  1.150   1.300      34501.250 
  1.200   1.300      33535.566 
  1.250   1.300      33096.619 
  1.300   1.300      33074.672 
  1.350   1.300      33381.935 
  1.400   1.300      33908.671 
  1.450   1.300      34632.934 
  1.500   1.300      35488.881 
  1.550   1.300      36454.565 
  1.600   1.300      37486.091 
  1.650   1.300      38583.459 
  1.700   1.300      39724.722 
  1.750   1.300      40865.984 
  1.800   1.300      42029.194 
  1.850   1.300      43192.404 
  1.900   1.300      44333.667 
  1.950   1.300      45606.614 
  2.000   1.300      47099.035 
  2.050   1.300      47998.876 
  2.100   1.300      48898.718 
  2.150   1.300      49052.350 
  2.200   1.300      49205.981 
  2.250   1.300      50248.481 
  2.300   1.300      51290.980 
  2.350   1.300      52300.559 
  2.400   1.300      53310.137 
  2.450   1.300      53310.137 
  2.500   1.300      53310.137 
  2.550   1.300      53310.137 
  2.600   1.300      53310.137 
  2.650   1.300      53310.137 
  2.700   1.300      53310.137 
  2.750   1.300      53310.137 
  2.800   1.300      53310.137 
  2.850   1.300      53310.137 
  2.900   1.300      53310.137 
  2.950   1.300      53310.137 
  3.000   1.300      53310.137 

  0.250   1.350     204088.501 
  0.300   1.350     204088.501 
  0.350   1.350     204088.501 
  0.400   1.350     204088.501 
  0.450   1.350     204088.501 
  0.500   1.350     195123.004 
  0.550   1.350     186157.508 
  0.600   1.350     160215.728 
  0.650   1.350     129621.108 
  0.700   1.350     101506.540 
  0.750   1.350      80590.706 
  0.800   1.350      64986.133 
  0.850   1.350      53332.085 
  0.900   1.350      44684.825 
  0.950   1.350      38363.985 
  1.000   1.350      33842.829 
  1.050   1.350      30726.304 
  1.100   1.350      28729.094 
  1.150   1.350      27565.884 
  1.200   1.350      27083.042 
  1.250   1.350      27104.990 
  1.300   1.350      27500.042 
  1.350   1.350      28158.463 
  1.400   1.350      29036.357 
  1.450   1.350      30067.883 
  1.500   1.350      31209.146 
  1.550   1.350      32438.198 
  1.600   1.350      33711.145 
  1.650   1.350      35006.039 
  1.700   1.350      36322.881 
  1.750   1.350      37661.670 
  1.800   1.350      38978.511 
  1.850   1.350      40273.406 
  1.900   1.350      41568.300 
  1.950   1.350      42972.931 
  2.000   1.350      44618.983 
  2.050   1.350      45584.667 
  2.100   1.350      46550.351 
  2.150   1.350      47428.245 
  2.200   1.350      48306.139 
  2.250   1.350      49381.560 
  2.300   1.350      50456.981 
  2.350   1.350      51477.533 
  2.400   1.350      52498.085 
  2.450   1.350      52498.085 
  2.500   1.350      52498.085 
  2.550   1.350      52498.085 
  2.600   1.350      52498.085 
  2.650   1.350      52498.085 
  2.700   1.350      52498.085 
  2.750   1.350      52498.085 
  2.800   1.350      52498.085 
  2.850   1.350      52498.085 
  2.900   1.350      52498.085 
  2.950   1.350      52498.085 
  3.000   1.350      52498.085 

  0.250   1.400     194870.609 
  0.300   1.400     194870.609 
  0.350   1.400     194870.609 
  0.400   1.400     194870.609 
  0.450   1.400     194870.609 
  0.500   1.400     185191.824 
  0.550   1.400     175513.038 
  0.600   1.400     150097.995 
  0.650   1.400     120183.743 
  0.700   1.400      92815.385 
  0.750   1.400      72579.920 
  0.800   1.400      57589.873 
  0.850   1.400      46528.403 
  0.900   1.400      38407.880 
  0.950   1.400      32547.935 
  1.000   1.400      28465.726 
  1.050   1.400      25744.253 
  1.100   1.400      24098.201 
  1.150   1.400      23286.149 
  1.200   1.400      23110.570 
  1.250   1.400      23417.833 
  1.300   1.400      24076.254 
  1.350   1.400      24998.043 
  1.400   1.400      26117.358 
  1.450   1.400      27368.358 
  1.500   1.400      28707.147 
  1.550   1.400      30111.778 
  1.600   1.400      31560.304 
  1.650   1.400      33008.829 
  1.700   1.400      34479.303 
  1.750   1.400      35927.828 
  1.800   1.400      37354.407 
  1.850   1.400      38780.985 
  1.900   1.400      40163.669 
  1.950   1.400      41678.037 
  2.000   1.400      43411.878 
  2.050   1.400      44443.404 
  2.100   1.400      45474.930 
  2.150   1.400      46594.245 
  2.200   1.400      47713.561 
  2.250   1.400      48854.823 
  2.300   1.400      49996.086 
  2.350   1.400      51060.533 
  2.400   1.400      52124.980 
  2.450   1.400      52124.980 
  2.500   1.400      52124.980 
  2.550   1.400      52124.980 
  2.600   1.400      52124.980 
  2.650   1.400      52124.980 
  2.700   1.400      52124.980 
  2.750   1.400      52124.980 
  2.800   1.400      52124.980 
  2.850   1.400      52124.980 
  2.900   1.400      52124.980 
  2.950   1.400      52124.980 
  3.000   1.400      52124.980 

  0.250   1.450     187079.297 
  0.300   1.450     187079.297 
  0.350   1.450     187079.297 
  0.400   1.450     187079.297 
  0.450   1.450     187079.297 
  0.500   1.450     177477.327 
  0.550   1.450     167875.357 
  0.600   1.450     142833.419 
  0.650   1.450     113423.956 
  0.700   1.450      86626.230 
  0.750   1.450      66895.553 
  0.800   1.450      52388.348 
  0.850   1.450      41743.879 
  0.900   1.450      33996.461 
  0.950   1.450      28487.673 
  1.000   1.450      24690.780 
  1.050   1.450      22232.676 
  1.100   1.450      20849.992 
  1.150   1.450      20279.361 
  1.200   1.450      20323.255 
  1.250   1.450      20849.992 
  1.300   1.450      21705.939 
  1.350   1.450      22825.254 
  1.400   1.450      24120.149 
  1.450   1.450      25524.780 
  1.500   1.450      27017.200 
  1.550   1.450      28575.463 
  1.600   1.450      30133.725 
  1.650   1.450      31713.935 
  1.700   1.450      33272.198 
  1.750   1.450      34830.460 
  1.800   1.450      36366.776 
  1.850   1.450      37859.196 
  1.900   1.450      39329.669 
  1.950   1.450      40909.879 
  2.000   1.450      42753.457 
  2.050   1.450      43828.878 
  2.100   1.450      44904.299 
  2.150   1.450      46089.456 
  2.200   1.450      47274.613 
  2.250   1.450      48459.771 
  2.300   1.450      49644.928 
  2.350   1.450      50731.323 
  2.400   1.450      51817.717 
  2.450   1.450      51817.717 
  2.500   1.450      51817.717 
  2.550   1.450      51817.717 
  2.600   1.450      51817.717 
  2.650   1.450      51817.717 
  2.700   1.450      51817.717 
  2.750   1.450      51817.717 
  2.800   1.450      51817.717 
  2.850   1.450      51817.717 
  2.900   1.450      51817.717 
  2.950   1.450      51817.717 
  3.000   1.450      51817.717 

  0.250   1.500     180495.089 
  0.300   1.500     180495.089 
  0.350   1.500     180495.089 
  0.400   1.500     180495.089 
  0.450   1.500     180495.089 
  0.500   1.500     170958.961 
  0.550   1.500     161422.833 
  0.600   1.500     136710.105 
  0.650   1.500     107761.538 
  0.700   1.500      81424.706 
  0.750   1.500      62154.924 
  0.800   1.500      48042.771 
  0.850   1.500      37771.407 
  0.900   1.500      30353.199 
  0.950   1.500      25129.727 
  1.000   1.500      21574.255 
  1.050   1.500      19357.572 
  1.100   1.500      18150.467 
  1.150   1.500      17777.362 
  1.200   1.500      17996.835 
  1.250   1.500      18699.151 
  1.300   1.500      19752.624 
  1.350   1.500      21025.571 
  1.400   1.500      22474.097 
  1.450   1.500      24010.412 
  1.500   1.500      25634.516 
  1.550   1.500      27302.516 
  1.600   1.500      28992.463 
  1.650   1.500      30660.462 
  1.700   1.500      32328.461 
  1.750   1.500      33974.513 
  1.800   1.500      35576.671 
  1.850   1.500      37156.880 
  1.900   1.500      38693.196 
  1.950   1.500      40339.248 
  2.000   1.500      42226.721 
  2.050   1.500      43335.062 
  2.100   1.500      44443.404 
  2.150   1.500      45694.404 
  2.200   1.500      46945.403 
  2.250   1.500      48141.534 
  2.300   1.500      49337.665 
  2.350   1.500      50435.033 
  2.400   1.500      51532.401 
  2.450   1.500      51532.401 
  2.500   1.500      51532.401 
  2.550   1.500      51532.401 
  2.600   1.500      51532.401 
  2.650   1.500      51532.401 
  2.700   1.500      51532.401 
  2.750   1.500      51532.401 
  2.800   1.500      51532.401 
  2.850   1.500      51532.401 
  2.900   1.500      51532.401 
  2.950   1.500      51532.401 
  3.000   1.500      51532.401 

  0.250   1.550     174964.354 
  0.300   1.550     174964.354 
  0.350   1.550     174964.354 
  0.400   1.550     174964.354 
  0.450   1.550     174964.354 
  0.500   1.550     165483.094 
  0.550   1.550     156001.835 
  0.600   1.550     131596.371 
  0.650   1.550     103020.908 
  0.700   1.550      77101.076 
  0.750   1.550      58204.399 
  0.800   1.550      44465.351 
  0.850   1.550      34501.250 
  0.900   1.550      27368.358 
  0.950   1.550      22386.307 
  1.000   1.550      19050.308 
  1.050   1.550      16987.257 
  1.100   1.550      15933.783 
  1.150   1.550      15692.362 
  1.200   1.550      16087.415 
  1.250   1.550      16921.415 
  1.300   1.550      18106.572 
  1.350   1.550      19511.203 
  1.400   1.550      21091.413 
  1.450   1.550      22759.412 
  1.500   1.550      24493.254 
  1.550   1.550      26270.990 
  1.600   1.550      28048.726 
  1.650   1.550      29826.462 
  1.700   1.550      31560.304 
  1.750   1.550      33272.198 
  1.800   1.550      34962.144 
  1.850   1.550      36586.249 
  1.900   1.550      38188.406 
  1.950   1.550      39878.353 
  2.000   1.550      41809.721 
  2.050   1.550      42940.010 
  2.100   1.550      44070.299 
  2.150   1.550      45354.219 
  2.200   1.550      46638.140 
  2.250   1.550      47834.271 
  2.300   1.550      49030.402 
  2.350   1.550      50116.797 
  2.400   1.550      51203.191 
  2.450   1.550      51203.191 
  2.500   1.550      51203.191 
  2.550   1.550      51203.191 
  2.600   1.550      51203.191 
  2.650   1.550      51203.191 
  2.700   1.550      51203.191 
  2.750   1.550      51203.191 
  2.800   1.550      51203.191 
  2.850   1.550      51203.191 
  2.900   1.550      51203.191 
  2.950   1.550      51203.191 
  3.000   1.550      51203.191 

  0.250   1.600     170333.461 
  0.300   1.600     170333.461 
  0.350   1.600     170333.461 
  0.400   1.600     170333.461 
  0.450   1.600     170333.461 
  0.500   1.600     160907.070 
  0.550   1.600     151480.679 
  0.600   1.600     127316.635 
  0.650   1.600      99092.330 
  0.700   1.600      73523.656 
  0.750   1.600      54978.137 
  0.800   1.600      41524.405 
  0.850   1.600      31845.619 
  0.900   1.600      24976.096 
  0.950   1.600      20191.571 
  1.000   1.600      17009.204 
  1.050   1.600      15099.784 
  1.100   1.600      14156.047 
  1.150   1.600      14024.363 
  1.200   1.600      14485.258 
  1.250   1.600      15428.994 
  1.300   1.600      16723.888 
  1.350   1.600      18260.204 
  1.400   1.600      19928.203 
  1.450   1.600      21727.886 
  1.500   1.600      23549.517 
  1.550   1.600      25415.043 
  1.600   1.600      27280.568 
  1.650   1.600      29124.147 
  1.700   1.600      30923.830 
  1.750   1.600      32701.566 
  1.800   1.600      34435.408 
  1.850   1.600      36125.355 
  1.900   1.600      37749.459 
  1.950   1.600      39483.301 
  2.000   1.600      41458.563 
  2.050   1.600      42577.878 
  2.100   1.600      43697.194 
  2.150   1.600      45014.035 
  2.200   1.600      46330.877 
  2.250   1.600      47516.034 
  2.300   1.600      48701.192 
  2.350   1.600      49765.639 
  2.400   1.600      50830.086 
  2.450   1.600      50830.086 
  2.500   1.600      50830.086 
  2.550   1.600      50830.086 
  2.600   1.600      50830.086 
  2.650   1.600      50830.086 
  2.700   1.600      50830.086 
  2.750   1.600      50830.086 
  2.800   1.600      50830.086 
  2.850   1.600      50830.086 
  2.900   1.600      50830.086 
  2.950   1.600      50830.086 
  3.000   1.600      50830.086 

  0.250   1.650     166492.673 
  0.300   1.650     166492.673 
  0.350   1.650     166492.673 
  0.400   1.650     166492.673 
  0.450   1.650     166492.673 
  0.500   1.650     157099.203 
  0.550   1.650     147705.733 
  0.600   1.650     123783.110 
  0.650   1.650      95844.121 
  0.700   1.650      70582.710 
  0.750   1.650      52322.506 
  0.800   1.650      39154.090 
  0.850   1.650      29716.725 
  0.900   1.650      23066.675 
  0.950   1.650      18457.730 
  1.000   1.650      15428.994 
  1.050   1.650      13629.311 
  1.100   1.650      12773.364 
  1.150   1.650      12685.574 
  1.200   1.650      13212.311 
  1.250   1.650      14221.889 
  1.300   1.650      15582.626 
  1.350   1.650      17206.730 
  1.400   1.650      18984.466 
  1.450   1.650      20849.992 
  1.500   1.650      22759.412 
  1.550   1.650      24690.780 
  1.600   1.650      26622.148 
  1.650   1.650      28531.568 
  1.700   1.650      30397.094 
  1.750   1.650      32240.672 
  1.800   1.650      34018.408 
  1.850   1.650      35730.302 
  1.900   1.650      37376.354 
  1.950   1.650      39132.143 
  2.000   1.650      41129.353 
  2.050   1.650      42226.721 
  2.100   1.650      43324.089 
  2.150   1.650      44673.851 
  2.200   1.650      46023.614 
  2.250   1.650      47186.824 
  2.300   1.650      48350.034 
  2.350   1.650      49381.560 
  2.400   1.650      50413.086 
  2.450   1.650      50413.086 
  2.500   1.650      50413.086 
  2.550   1.650      50413.086 
  2.600   1.650      50413.086 
  2.650   1.650      50413.086 
  2.700   1.650      50413.086 
  2.750   1.650      50413.086 
  2.800   1.650      50413.086 
  2.850   1.650      50413.086 
  2.900   1.650      50413.086 
  2.950   1.650      50413.086 
  3.000   1.650      50413.086 

  0.250   1.700     163332.253 
  0.300   1.700     163332.253 
  0.350   1.700     163332.253 
  0.400   1.700     163332.253 
  0.450   1.700     163332.253 
  0.500   1.700     153971.704 
  0.550   1.700     144611.155 
  0.600   1.700     120864.112 
  0.650   1.700      93166.543 
  0.700   1.700      68190.448 
  0.750   1.700      50193.612 
  0.800   1.700      37244.670 
  0.850   1.700      28048.726 
  0.900   1.700      21574.255 
  0.950   1.700      17140.888 
  1.000   1.700      14243.837 
  1.050   1.700      12531.943 
  1.100   1.700      11719.890 
  1.150   1.700      11654.048 
  1.200   1.700      12224.680 
  1.250   1.700      13256.205 
  1.300   1.700      14660.836 
  1.350   1.700      16328.836 
  1.400   1.700      18172.414 
  1.450   1.700      20103.782 
  1.500   1.700      22100.992 
  1.550   1.700      24098.201 
  1.600   1.700      26073.464 
  1.650   1.700      28026.779 
  1.700   1.700      29958.146 
  1.750   1.700      31823.672 
  1.800   1.700      33623.356 
  1.850   1.700      35379.144 
  1.900   1.700      37069.091 
  1.950   1.700      38824.880 
  2.000   1.700      40822.090 
  2.050   1.700      41897.510 
  2.100   1.700      42972.931 
  2.150   1.700      44333.667 
  2.200   1.700      45694.404 
  2.250   1.700      45826.088 
  2.300   1.700      45957.772 
  2.350   1.700      46605.219 
  2.400   1.700      47252.666 
  2.450   1.700      47252.666 
  2.500   1.700      47252.666 
  2.550   1.700      47252.666 
  2.600   1.700      47252.666 
  2.650   1.700      47252.666 
  2.700   1.700      47252.666 
  2.750   1.700      47252.666 
  2.800   1.700      47252.666 
  2.850   1.700      47252.666 
  2.900   1.700      47252.666 
  2.950   1.700      47252.666 
  3.000   1.700      47252.666 

  0.250   1.750     160720.517 
  0.300   1.750     160720.517 
  0.350   1.750     160720.517 
  0.400   1.750     160720.517 
  0.450   1.750     160720.517 
  0.500   1.750     151392.889 
  0.550   1.750     142065.261 
  0.600   1.750     118493.797 
  0.650   1.750      91015.702 
  0.700   1.750      66281.027 
  0.750   1.750      48481.718 
  0.800   1.750      35752.249 
  0.850   1.750      26753.832 
  0.900   1.750      20454.940 
  0.950   1.750      16197.152 
  1.000   1.750      13409.837 
  1.050   1.750      11763.785 
  1.100   1.750      11017.575 
  1.150   1.750      10951.733 
  1.200   1.750      11500.417 
  1.250   1.750      12531.943 
  1.300   1.750      13936.574 
  1.350   1.750      15626.520 
  1.400   1.750      17513.993 
  1.450   1.750      19489.256 
  1.500   1.750      21530.360 
  1.550   1.750      23571.465 
  1.600   1.750      25612.569 
  1.650   1.750      27609.779 
  1.700   1.750      29563.094 
  1.750   1.750      31472.514 
  1.800   1.750      33316.092 
  1.850   1.750      35071.881 
  1.900   1.750      36761.828 
  1.950   1.750      38539.564 
  2.000   1.750      40536.774 
  2.050   1.750      41579.274 
  2.100   1.750      42621.773 
  2.150   1.750      43993.483 
  2.200   1.750      45365.193 
  2.250   1.750      45354.219 
  2.300   1.750      45343.246 
  2.350   1.750      45913.877 
  2.400   1.750      46484.508 
  2.450   1.750      46484.508 
  2.500   1.750      46484.508 
  2.550   1.750      46484.508 
  2.600   1.750      46484.508 
  2.650   1.750      46484.508 
  2.700   1.750      46484.508 
  2.750   1.750      46484.508 
  2.800   1.750      46484.508 
  2.850   1.750      46484.508 
  2.900   1.750      46484.508 
  2.950   1.750      46484.508 
  3.000   1.750      46484.508 

  0.250   1.800     158613.571 
  0.300   1.800     158613.571 
  0.350   1.800     158613.571 
  0.400   1.800     158613.571 
  0.450   1.800     158613.571 
  0.500   1.800     149318.864 
  0.550   1.800     140024.157 
  0.600   1.800     116584.376 
  0.650   1.800      89281.860 
  0.700   1.800      64744.712 
  0.750   1.800      47164.877 
  0.800   1.800      34610.987 
  0.850   1.800      25788.148 
  0.900   1.800      19664.835 
  0.950   1.800      15516.784 
  1.000   1.800      12861.153 
  1.050   1.800      11302.890 
  1.100   1.800      10600.575 
  1.150   1.800      10534.733 
  1.200   1.800      11039.522 
  1.250   1.800      12027.153 
  1.300   1.800      13387.890 
  1.350   1.800      15077.836 
  1.400   1.800      16965.309 
  1.450   1.800      18984.466 
  1.500   1.800      21069.466 
  1.550   1.800      23154.465 
  1.600   1.800      25217.517 
  1.650   1.800      27258.621 
  1.700   1.800      29233.884 
  1.750   1.800      31165.251 
  1.800   1.800      33008.829 
  1.850   1.800      34786.566 
  1.900   1.800      36498.460 
  1.950   1.800      38276.196 
  2.000   1.800      40251.458 
  2.050   1.800      41272.010 
  2.100   1.800      42292.563 
  2.150   1.800      43653.299 
  2.200   1.800      45014.035 
  2.250   1.800      46089.456 
  2.300   1.800      47164.877 
  2.350   1.800      46451.587 
  2.400   1.800      45738.298 
  2.450   1.800      45738.298 
  2.500   1.800      45738.298 
  2.550   1.800      45738.298 
  2.600   1.800      45738.298 
  2.650   1.800      45738.298 
  2.700   1.800      45738.298 
  2.750   1.800      45738.298 
  2.800   1.800      45738.298 
  2.850   1.800      45738.298 
  2.900   1.800      45738.298 
  2.950   1.800      45738.298 
  3.000   1.800      45738.298 

  0.250   1.850     156923.624 
  0.300   1.850     156923.624 
  0.350   1.850     156923.624 
  0.400   1.850     156923.624 
  0.450   1.850     156923.624 
  0.500   1.850     147650.864 
  0.550   1.850     138378.105 
  0.600   1.850     115048.061 
  0.650   1.850      87943.072 
  0.700   1.850      63581.502 
  0.750   1.850      46155.298 
  0.800   1.850      33776.987 
  0.850   1.850      25085.832 
  0.900   1.850      19116.151 
  0.950   1.850      15121.731 
  1.000   1.850      12575.837 
  1.050   1.850      11105.364 
  1.100   1.850      10446.943 
  1.150   1.850      10403.049 
  1.200   1.850      10863.943 
  1.250   1.850      11763.785 
  1.300   1.850      13058.679 
  1.350   1.850      14682.784 
  1.400   1.850      16548.309 
  1.450   1.850      18567.467 
  1.500   1.850      20674.413 
  1.550   1.850      22781.360 
  1.600   1.850      24888.306 
  1.650   1.850      26951.358 
  1.700   1.850      28948.568 
  1.750   1.850      30879.936 
  1.800   1.850      32767.408 
  1.850   1.850      34545.145 
  1.900   1.850      36257.039 
  1.950   1.850      38012.828 
  2.000   1.850      39988.090 
  2.050   1.850      40975.721 
  2.100   1.850      41963.352 
  2.150   1.850      43324.089 
  2.200   1.850      44684.825 
  2.250   1.850      44465.351 
  2.300   1.850      44245.878 
  2.350   1.850      44739.693 
  2.400   1.850      45233.509 
  2.450   1.850      45233.509 
  2.500   1.850      45233.509 
  2.550   1.850      45233.509 
  2.600   1.850      45233.509 
  2.650   1.850      45233.509 
  2.700   1.850      45233.509 
  2.750   1.850      45233.509 
  2.800   1.850      45233.509 
  2.850   1.850      45233.509 
  2.900   1.850      45233.509 
  2.950   1.850      45233.509 
  3.000   1.850      45233.509 

  0.250   1.900     155584.835 
  0.300   1.900     155584.835 
  0.350   1.900     155584.835 
  0.400   1.900     155584.835 
  0.450   1.900     155584.835 
  0.500   1.900     146334.023 
  0.550   1.900     137083.211 
  0.600   1.900     113862.904 
  0.650   1.900      86889.598 
  0.700   1.900      62681.660 
  0.750   1.900      45409.088 
  0.800   1.900      33184.408 
  0.850   1.900      24624.938 
  0.900   1.900      18786.940 
  0.950   1.900      14924.205 
  1.000   1.900      12488.048 
  1.050   1.900      11105.364 
  1.100   1.900      10512.785 
  1.150   1.900      10490.838 
  1.200   1.900      10929.785 
  1.250   1.900      11763.785 
  1.300   1.900      12970.890 
  1.350   1.900      14485.258 
  1.400   1.900      16262.994 
  1.450   1.900      18260.204 
  1.500   1.900      20345.203 
  1.550   1.900      22474.097 
  1.600   1.900      24602.991 
  1.650   1.900      26666.042 
  1.700   1.900      28707.147 
  1.750   1.900      30660.462 
  1.800   1.900      32525.988 
  1.850   1.900      34303.724 
  1.900   1.900      36015.618 
  1.950   1.900      37771.407 
  2.000   1.900      39724.722 
  2.050   1.900      40679.432 
  2.100   1.900      41634.142 
  2.150   1.900      42983.905 
  2.200   1.900      44333.667 
  2.250   1.900      44092.246 
  2.300   1.900      43850.825 
  2.350   1.900      44322.694 
  2.400   1.900      44794.562 
  2.450   1.900      44794.562 
  2.500   1.900      44794.562 
  2.550   1.900      44794.562 
  2.600   1.900      44794.562 
  2.650   1.900      44794.562 
  2.700   1.900      44794.562 
  2.750   1.900      44794.562 
  2.800   1.900      44794.562 
  2.850   1.900      44794.562 
  2.900   1.900      44794.562 
  2.950   1.900      44794.562 
  3.000   1.900      44794.562 

  0.250   1.950     154553.309 
  0.300   1.950     154553.309 
  0.350   1.950     154553.309 
  0.400   1.950     154553.309 
  0.450   1.950     154553.309 
  0.500   1.950     145313.471 
  0.550   1.950     136073.632 
  0.600   1.950     112963.062 
  0.650   1.950      86099.493 
  0.700   1.950      62023.239 
  0.750   1.950      44882.351 
  0.800   1.950      32789.356 
  0.850   1.950      24361.570 
  0.900   1.950      18633.309 
  0.950   1.950      14880.310 
  1.000   1.950      12553.890 
  1.050   1.950      11280.943 
  1.100   1.950      10754.206 
  1.150   1.950      10798.101 
  1.200   1.950      11237.048 
  1.250   1.950      12005.206 
  1.300   1.950      13102.574 
  1.350   1.950      14485.258 
  1.400   1.950      16153.257 
  1.450   1.950      18062.677 
  1.500   1.950      20103.782 
  1.550   1.950      22232.676 
  1.600   1.950      24361.570 
  1.650   1.950      26446.569 
  1.700   1.950      28487.673 
  1.750   1.950      30440.988 
  1.800   1.950      32306.514 
  1.850   1.950      34106.197 
  1.900   1.950      35796.144 
  1.950   1.950      37551.933 
  2.000   1.950      39483.301 
  2.050   1.950      40394.116 
  2.100   1.950      41304.932 
  2.150   1.950      42654.694 
  2.200   1.950      44004.457 
  2.250   1.950      43774.010 
  2.300   1.950      43550.878 
  2.350   1.950      44022.746 
  2.400   1.950      44041.036 
  2.450   1.950      44009.944 
  2.500   1.950      43978.852 
  2.550   1.950      43947.759 
  2.600   1.950      43916.667 
  2.650   1.950      43916.667 
  2.700   1.950      43916.667 
  2.750   1.950      43916.667 
  2.800   1.950      43916.667 
  2.850   1.950      43916.667 
  2.900   1.950      43916.667 
  2.950   1.950      43916.667 
  3.000   1.950      43916.667 

  0.250   2.000     153785.152 
  0.300   2.000     153785.152 
  0.350   2.000     153785.152 
  0.400   2.000     153785.152 
  0.450   2.000     153785.152 
  0.500   2.000     144556.287 
  0.550   2.000     135327.422 
  0.600   2.000     112304.641 
  0.650   2.000      85550.809 
  0.700   2.000      61584.292 
  0.750   2.000      44553.141 
  0.800   2.000      32569.882 
  0.850   2.000      24251.833 
  0.900   2.000      18633.309 
  0.950   2.000      14968.100 
  1.000   2.000      12751.416 
  1.050   2.000      11566.259 
  1.100   2.000      11127.312 
  1.150   2.000      11237.048 
  1.200   2.000      11719.890 
  1.250   2.000      12466.100 
  1.300   2.000      13475.679 
  1.350   2.000      14726.679 
  1.400   2.000      16241.046 
  1.450   2.000      17996.835 
  1.500   2.000      19950.150 
  1.550   2.000      22035.149 
  1.600   2.000      24164.043 
  1.650   2.000      26249.043 
  1.700   2.000      28290.147 
  1.750   2.000      30243.462 
  1.800   2.000      32130.935 
  1.850   2.000      33908.671 
  1.900   2.000      35598.618 
  1.950   2.000      37332.459 
  2.000   2.000      39241.880 
  2.050   2.000      40141.721 
  2.100   2.000      41041.563 
  2.150   2.000      42369.378 
  2.200   2.000      43697.194 
  2.250   2.000      43474.062 
  2.300   2.000      43250.931 
  2.350   2.000      43496.010 
  2.400   2.000      43287.510 
  2.450   2.000      43256.418 
  2.500   2.000      43225.326 
  2.550   2.000      43263.733 
  2.600   2.000      43302.141 
  2.650   2.000      43302.141 
  2.700   2.000      43302.141 
  2.750   2.000      43302.141 
  2.800   2.000      43302.141 
  2.850   2.000      43302.141 
  2.900   2.000      43302.141 
  2.950   2.000      43302.141 
  3.000   2.000      43302.141 

  0.250   2.050     153236.468 
  0.300   2.050     153236.468 
  0.350   2.050     153236.468 
  0.400   2.050     153236.468 
  0.450   2.050     153236.468 
  0.500   2.050     144018.576 
  0.550   2.050     134800.685 
  0.600   2.050     111843.747 
  0.650   2.050      85177.704 
  0.700   2.050      61320.924 
  0.750   2.050      44377.562 
  0.800   2.050      32482.093 
  0.850   2.050      24251.833 
  0.900   2.050      18721.098 
  0.950   2.050      15165.626 
  1.000   2.050      13036.732 
  1.050   2.050      11961.311 
  1.100   2.050      11610.153 
  1.150   2.050      11785.732 
  1.200   2.050      12312.469 
  1.250   2.050      13080.627 
  1.300   2.050      14068.258 
  1.350   2.050      15209.520 
  1.400   2.050      16548.309 
  1.450   2.050      18128.519 
  1.500   2.050      19928.203 
  1.550   2.050      21925.413 
  1.600   2.050      23988.464 
  1.650   2.050      26073.464 
  1.700   2.050      28114.568 
  1.750   2.050      30067.883 
  1.800   2.050      31955.356 
  1.850   2.050      33733.092 
  1.900   2.050      35401.092 
  1.950   2.050      37134.933 
  2.000   2.050      39000.459 
  2.050   2.050      39867.379 
  2.100   2.050      40734.300 
  2.150   2.050      42040.168 
  2.200   2.050      42987.562 
  2.250   2.050      42819.299 
  2.300   2.050      42950.984 
  2.350   2.050      42742.484 
  2.400   2.050      42533.984 
  2.450   2.050      42533.984 
  2.500   2.050      42533.984 
  2.550   2.050      42533.984 
  2.600   2.050      42533.984 
  2.650   2.050      42533.984 
  2.700   2.050      42533.984 
  2.750   2.050      42533.984 
  2.800   2.050      42533.984 
  2.850   2.050      42533.984 
  2.900   2.050      42533.984 
  2.950   2.050      42533.984 
  3.000   2.050      42533.984 

  0.250   2.100     152863.362 
  0.300   2.100     152863.362 
  0.350   2.100     152863.362 
  0.400   2.100     152863.362 
  0.450   2.100     152863.362 
  0.500   2.100     143656.445 
  0.550   2.100     134449.527 
  0.600   2.100     111536.484 
  0.650   2.100      84958.231 
  0.700   2.100      61189.240 
  0.750   2.100      44333.667 
  0.800   2.100      32504.040 
  0.850   2.100      24383.517 
  0.900   2.100      18918.624 
  0.950   2.100      15450.941 
  1.000   2.100      13409.837 
  1.050   2.100      12400.258 
  1.100   2.100      12136.890 
  1.150   2.100      12378.311 
  1.200   2.100      12992.837 
  1.250   2.100      13804.889 
  1.300   2.100      14792.521 
  1.350   2.100      15889.889 
  1.400   2.100      17096.993 
  1.450   2.100      18479.677 
  1.500   2.100      20103.782 
  1.550   2.100      21925.413 
  1.600   2.100      23900.675 
  1.650   2.100      25941.780 
  1.700   2.100      27960.937 
  1.750   2.100      29914.252 
  1.800   2.100      31801.725 
  1.850   2.100      33557.513 
  1.900   2.100      35247.460 
  1.950   2.100      36937.407 
  2.000   2.100      38759.038 
  2.050   2.100      39571.090 
  2.100   2.100      40383.142 
  2.150   2.100      41330.537 
  2.200   2.100      42277.931 
  2.250   2.100      42109.668 
  2.300   2.100      41941.405 
  2.350   2.100      41743.879 
  2.400   2.100      41546.352 
  2.450   2.100      41546.352 
  2.500   2.100      41546.352 
  2.550   2.100      41546.352 
  2.600   2.100      41546.352 
  2.650   2.100      41546.352 
  2.700   2.100      41546.352 
  2.750   2.100      41546.352 
  2.800   2.100      41546.352 
  2.850   2.100      41546.352 
  2.900   2.100      41546.352 
  2.950   2.100      41546.352 
  3.000   2.100      41546.352 

  0.250   2.150     152621.941 
  0.300   2.150     152621.941 
  0.350   2.150     152621.941 
  0.400   2.150     152621.941 
  0.450   2.150     152621.941 
  0.500   2.150     143436.971 
  0.550   2.150     134252.001 
  0.600   2.150     111382.852 
  0.650   2.150      84870.441 
  0.700   2.150      61167.292 
  0.750   2.150      44377.562 
  0.800   2.150      32635.724 
  0.850   2.150      24581.043 
  0.900   2.150      19203.940 
  0.950   2.150      15802.099 
  1.000   2.150      13826.837 
  1.050   2.150      12905.048 
  1.100   2.150      12707.521 
  1.150   2.150      13036.732 
  1.200   2.150      13717.100 
  1.250   2.150      14594.994 
  1.300   2.150      15604.573 
  1.350   2.150      16701.941 
  1.400   2.150      17843.204 
  1.450   2.150      19072.256 
  1.500   2.150      20476.887 
  1.550   2.150      22079.044 
  1.600   2.150      23900.675 
  1.650   2.150      25853.990 
  1.700   2.150      27851.200 
  1.750   2.150      29782.568 
  1.800   2.150      31648.093 
  1.850   2.150      33425.829 
  1.900   2.150      35071.881 
  1.950   2.150      36761.828 
  2.000   2.150      38451.775 
  2.050   2.150      39274.801 
  2.100   2.150      39966.143 
  2.150   2.150      40591.642 
  2.200   2.150      41568.300 
  2.250   2.150      41315.905 
  2.300   2.150      41063.511 
  2.350   2.150      40865.984 
  2.400   2.150      40668.458 
  2.450   2.150      40668.458 
  2.500   2.150      40668.458 
  2.550   2.150      40668.458 
  2.600   2.150      40668.458 
  2.650   2.150      40668.458 
  2.700   2.150      40668.458 
  2.750   2.150      40668.458 
  2.800   2.150      40668.458 
  2.850   2.150      40668.458 
  2.900   2.150      40668.458 
  2.950   2.150      40668.458 
  3.000   2.150      40668.458 

  0.250   2.200     152534.152 
  0.300   2.200     152534.152 
  0.350   2.200     152534.152 
  0.400   2.200     152534.152 
  0.450   2.200     152534.152 
  0.500   2.200     143349.182 
  0.550   2.200     134164.212 
  0.600   2.200     111338.957 
  0.650   2.200      84892.388 
  0.700   2.200      61255.082 
  0.750   2.200      44531.193 
  0.800   2.200      32833.251 
  0.850   2.200      24844.412 
  0.900   2.200      19533.150 
  0.950   2.200      16197.152 
  1.000   2.200      14287.731 
  1.050   2.200      13431.784 
  1.100   2.200      13322.048 
  1.150   2.200      13717.100 
  1.200   2.200      14463.310 
  1.250   2.200      15407.047 
  1.300   2.200      16482.467 
  1.350   2.200      17601.783 
  1.400   2.200      18721.098 
  1.450   2.200      19862.361 
  1.500   2.200      21091.413 
  1.550   2.200      22561.886 
  1.600   2.200      24054.307 
  1.650   2.200      25853.990 
  1.700   2.200      27763.410 
  1.750   2.200      29672.831 
  1.800   2.200      31538.356 
  1.850   2.200      33294.145 
  1.900   2.200      34940.197 
  1.950   2.200      36586.249 
  2.000   2.200      38166.459 
  2.050   2.200      38857.801 
  2.100   2.200      39549.143 
  2.150   2.200      40174.642 
  2.200   2.200      40800.142 
  2.250   2.200      40547.748 
  2.300   2.200      40295.353 
  2.350   2.200      40097.827 
  2.400   2.200      39900.300 
  2.450   2.200      39900.300 
  2.500   2.200      39900.300 
  2.550   2.200      39900.300 
  2.600   2.200      39900.300 
  2.650   2.200      39900.300 
  2.700   2.200      39900.300 
  2.750   2.200      39900.300 
  2.800   2.200      39900.300 
  2.850   2.200      39900.300 
  2.900   2.200      39900.300 
  2.950   2.200      39900.300 
  3.000   2.200      39900.300 

  0.250   2.250     152556.099 
  0.300   2.250     152556.099 
  0.350   2.250     152556.099 
  0.400   2.250     152556.099 
  0.450   2.250     152556.099 
  0.500   2.250     143371.129 
  0.550   2.250     134186.159 
  0.600   2.250     111404.799 
  0.650   2.250      85002.125 
  0.700   2.250      61408.713 
  0.750   2.250      44728.720 
  0.800   2.250      33096.619 
  0.850   2.250      25151.675 
  0.900   2.250      19906.256 
  0.950   2.250      16614.152 
  1.000   2.250      14792.521 
  1.050   2.250      14002.416 
  1.100   2.250      13936.574 
  1.150   2.250      14397.468 
  1.200   2.250      15209.520 
  1.250   2.250      16241.046 
  1.300   2.250      17360.362 
  1.350   2.250      18545.519 
  1.400   2.250      19686.782 
  1.450   2.250      20784.150 
  1.500   2.250      21881.518 
  1.550   2.250      23044.728 
  1.600   2.250      24504.227 
  1.650   2.250      25963.727 
  1.700   2.250      27741.463 
  1.750   2.250      29585.041 
  1.800   2.250      31428.620 
  1.850   2.250      33162.461 
  1.900   2.250      34808.513 
  1.950   2.250      36410.670 
  2.000   2.250      37628.749 
  2.050   2.250      38440.801 
  2.100   2.250      39132.143 
  2.150   2.250      39757.643 
  2.200   2.250      40097.827 
  2.250   2.250      39856.406 
  2.300   2.250      39614.985 
  2.350   2.250      39417.459 
  2.400   2.250      39219.932 
  2.450   2.250      39219.932 
  2.500   2.250      39219.932 
  2.550   2.250      39219.932 
  2.600   2.250      39219.932 
  2.650   2.250      39219.932 
  2.700   2.250      39219.932 
  2.750   2.250      39219.932 
  2.800   2.250      39219.932 
  2.850   2.250      39219.932 
  2.900   2.250      39219.932 
  2.950   2.250      39219.932 
  3.000   2.250      39219.932 

  0.250   2.300     152643.889 
  0.300   2.300     152643.889 
  0.350   2.300     152643.889 
  0.400   2.300     152643.889 
  0.450   2.300     152643.889 
  0.500   2.300     143469.892 
  0.550   2.300     134295.896 
  0.600   2.300     111558.431 
  0.650   2.300      85177.704 
  0.700   2.300      61628.187 
  0.750   2.300      45014.035 
  0.800   2.300      33425.829 
  0.850   2.300      25502.832 
  0.900   2.300      20301.308 
  0.950   2.300      17075.046 
  1.000   2.300      15297.310 
  1.050   2.300      14573.047 
  1.100   2.300      14573.047 
  1.150   2.300      15099.784 
  1.200   2.300      15977.678 
  1.250   2.300      17053.099 
  1.300   2.300      18260.204 
  1.350   2.300      19467.308 
  1.400   2.300      20652.466 
  1.450   2.300      21771.781 
  1.500   2.300      22825.254 
  1.550   2.300      23834.833 
  1.600   2.300      24954.148 
  1.650   2.300      26380.727 
  1.700   2.300      27807.305 
  1.750   2.300      29541.147 
  1.800   2.300      31340.830 
  1.850   2.300      33074.672 
  1.900   2.300      34676.829 
  1.950   2.300      36278.986 
  2.000   2.300      37091.038 
  2.050   2.300      37903.091 
  2.100   2.300      38715.143 
  2.150   2.300      39110.196 
  2.200   2.300      39505.248 
  2.250   2.300      39252.853 
  2.300   2.300      39000.459 
  2.350   2.300      38813.906 
  2.400   2.300      38627.354 
  2.450   2.300      38627.354 
  2.500   2.300      38627.354 
  2.550   2.300      38627.354 
  2.600   2.300      38627.354 
  2.650   2.300      38627.354 
  2.700   2.300      38627.354 
  2.750   2.300      38627.354 
  2.800   2.300      38627.354 
  2.850   2.300      38627.354 
  2.900   2.300      38627.354 
  2.950   2.300      38627.354 
  3.000   2.300      38627.354 

  0.250   2.350     152819.468 
  0.300   2.350     152819.468 
  0.350   2.350     152819.468 
  0.400   2.350     152819.468 
  0.450   2.350     152819.468 
  0.500   2.350     143656.445 
  0.550   2.350     134493.422 
  0.600   2.350     111755.957 
  0.650   2.350      85419.125 
  0.700   2.350      61913.503 
  0.750   2.350      45321.298 
  0.800   2.350      33776.987 
  0.850   2.350      25897.885 
  0.900   2.350      20740.255 
  0.950   2.350      17557.888 
  1.000   2.350      15824.047 
  1.050   2.350      15143.678 
  1.100   2.350      15209.520 
  1.150   2.350      15780.152 
  1.200   2.350      16723.888 
  1.250   2.350      17865.151 
  1.300   2.350      19116.151 
  1.350   2.350      20411.045 
  1.400   2.350      21640.097 
  1.450   2.350      22781.360 
  1.500   2.350      23812.886 
  1.550   2.350      24756.622 
  1.600   2.350      25678.411 
  1.650   2.350      26863.569 
  1.700   2.350      28048.726 
  1.750   2.350      29585.041 
  1.800   2.350      31274.988 
  1.850   2.350      32964.935 
  1.900   2.350      34567.092 
  1.950   2.350      36147.302 
  2.000   2.350      36908.144 
  2.050   2.350      37668.986 
  2.100   2.350      38429.827 
  2.150   2.350      38704.169 
  2.200   2.350      38978.511 
  2.250   2.350      38726.117 
  2.300   2.350      38473.722 
  2.350   2.350      38298.143 
  2.400   2.350      38122.564 
  2.450   2.350      38122.564 
  2.500   2.350      38122.564 
  2.550   2.350      38122.564 
  2.600   2.350      38122.564 
  2.650   2.350      38122.564 
  2.700   2.350      38122.564 
  2.750   2.350      38122.564 
  2.800   2.350      38122.564 
  2.850   2.350      38122.564 
  2.900   2.350      38122.564 
  2.950   2.350      38122.564 
  3.000   2.350      38122.564 

  0.250   2.400     153060.889 
  0.300   2.400     153060.889 
  0.350   2.400     153060.889 
  0.400   2.400     153060.889 
  0.450   2.400     153060.889 
  0.500   2.400     143897.866 
  0.550   2.400     134734.843 
  0.600   2.400     112019.325 
  0.650   2.400      85704.441 
  0.700   2.400      62220.766 
  0.750   2.400      45672.456 
  0.800   2.400      34150.092 
  0.850   2.400      26314.885 
  0.900   2.400      21201.150 
  0.950   2.400      18062.677 
  1.000   2.400      16372.731 
  1.050   2.400      15714.310 
  1.100   2.400      15824.047 
  1.150   2.400      16460.520 
  1.200   2.400      17448.151 
  1.250   2.400      18655.256 
  1.300   2.400      19972.098 
  1.350   2.400      21310.887 
  1.400   2.400      22583.833 
  1.450   2.400      23768.991 
  1.500   2.400      24800.517 
  1.550   2.400      25722.306 
  1.600   2.400      26534.358 
  1.650   2.400      27390.305 
  1.700   2.400      28564.489 
  1.750   2.400      29738.673 
  1.800   2.400      31253.041 
  1.850   2.400      32899.093 
  1.900   2.400      34457.355 
  1.950   2.400      36037.565 
  2.000   2.400      36761.828 
  2.050   2.400      37486.091 
  2.100   2.400      38210.354 
  2.150   2.400      38353.012 
  2.200   2.400      38495.669 
  2.250   2.400      38265.222 
  2.300   2.400      38034.775 
  2.350   2.400      37848.222 
  2.400   2.400      37661.670 
  2.450   2.400      37661.670 
  2.500   2.400      37661.670 
  2.550   2.400      37661.670 
  2.600   2.400      37661.670 
  2.650   2.400      37661.670 
  2.700   2.400      37661.670 
  2.750   2.400      37661.670 
  2.800   2.400      37661.670 
  2.850   2.400      37661.670 
  2.900   2.400      37661.670 
  2.950   2.400      37661.670 
  3.000   2.400      37661.670 

  0.250   2.450     153346.204 
  0.300   2.450     153346.204 
  0.350   2.450     153346.204 
  0.400   2.450     153346.204 
  0.450   2.450     153346.204 
  0.500   2.450     144183.182 
  0.550   2.450     135020.159 
  0.600   2.450     112326.588 
  0.650   2.450      86033.651 
  0.700   2.450      62571.923 
  0.750   2.450      46045.561 
  0.800   2.450      34545.145 
  0.850   2.450      26753.832 
  0.900   2.450      21662.044 
  0.950   2.450      18567.467 
  1.000   2.450      16899.467 
  1.050   2.450      16306.888 
  1.100   2.450      16460.520 
  1.150   2.450      17140.888 
  1.200   2.450      18172.414 
  1.250   2.450      19423.414 
  1.300   2.450      20806.097 
  1.350   2.450      22188.781 
  1.400   2.450      23527.570 
  1.450   2.450      24734.675 
  1.500   2.450      25788.148 
  1.550   2.450      26687.990 
  1.600   2.450      27456.147 
  1.650   2.450      28180.410 
  1.700   2.450      28970.515 
  1.750   2.450      30144.699 
  1.800   2.450      31318.883 
  1.850   2.450      32855.198 
  1.900   2.450      34391.513 
  1.950   2.450      35949.776 
  2.000   2.450      36674.039 
  2.050   2.450      37345.262 
  2.100   2.450      37963.446 
  2.150   2.450      37979.906 
  2.200   2.450      38100.617 
  2.250   2.450      37859.196 
  2.300   2.450      37617.775 
  2.350   2.450      37442.196 
  2.400   2.450      37266.617 
  2.450   2.450      37266.617 
  2.500   2.450      37266.617 
  2.550   2.450      37266.617 
  2.600   2.450      37266.617 
  2.650   2.450      37266.617 
  2.700   2.450      37266.617 
  2.750   2.450      37266.617 
  2.800   2.450      37266.617 
  2.850   2.450      37266.617 
  2.900   2.450      37266.617 
  2.950   2.450      37266.617 
  3.000   2.450      37266.617 

  0.250   2.500     153675.415 
  0.300   2.500     153675.415 
  0.350   2.500     153675.415 
  0.400   2.500     153675.415 
  0.450   2.500     153675.415 
  0.500   2.500     144512.392 
  0.550   2.500     135349.369 
  0.600   2.500     112655.799 
  0.650   2.500      86384.809 
  0.700   2.500      62945.028 
  0.750   2.500      46440.614 
  0.800   2.500      34984.092 
  0.850   2.500      27214.726 
  0.900   2.500      22144.886 
  0.950   2.500      19072.256 
  1.000   2.500      17448.151 
  1.050   2.500      16877.520 
  1.100   2.500      17075.046 
  1.150   2.500      17799.309 
  1.200   2.500      18874.730 
  1.250   2.500      20191.571 
  1.300   2.500      21618.150 
  1.350   2.500      23066.675 
  1.400   2.500      24427.412 
  1.450   2.500      25678.411 
  1.500   2.500      26753.832 
  1.550   2.500      27653.674 
  1.600   2.500      28399.884 
  1.650   2.500      29014.410 
  1.700   2.500      29628.936 
  1.750   2.500      30561.699 
  1.800   2.500      31494.462 
  1.850   2.500      32855.198 
  1.900   2.500      34325.671 
  1.950   2.500      35861.986 
  2.000   2.500      36480.170 
  2.050   2.500      37098.354 
  2.100   2.500      37716.538 
  2.150   2.500      37732.999 
  2.200   2.500      37749.459 
  2.250   2.500      37508.038 
  2.300   2.500      37266.617 
  2.350   2.500      37091.038 
  2.400   2.500      36915.460 
  2.450   2.500      36915.460 
  2.500   2.500      36915.460 
  2.550   2.500      36915.460 
  2.600   2.500      36915.460 
  2.650   2.500      36915.460 
  2.700   2.500      36915.460 
  2.750   2.500      36915.460 
  2.800   2.500      36915.460 
  2.850   2.500      36915.460 
  2.900   2.500      36915.460 
  2.950   2.500      36915.460 
  3.000   2.500      36915.460 

  0.250   2.550     154026.572 
  0.300   2.550     154026.572 
  0.350   2.550     154026.572 
  0.400   2.550     154026.572 
  0.450   2.550     154026.572 
  0.500   2.550     144885.497 
  0.550   2.550     135744.422 
  0.600   2.550     113072.799 
  0.650   2.550      86801.809 
  0.700   2.550      63383.976 
  0.750   2.550      46901.508 
  0.800   2.550      35466.934 
  0.850   2.550      27719.516 
  0.900   2.550      22671.623 
  0.950   2.550      19642.887 
  1.000   2.550      18040.730 
  1.050   2.550      17513.993 
  1.100   2.550      17733.467 
  1.150   2.550      18501.624 
  1.200   2.550      19620.940 
  1.250   2.550      20981.676 
  1.300   2.550      22474.097 
  1.350   2.550      23966.517 
  1.400   2.550      25415.043 
  1.450   2.550      26687.990 
  1.500   2.550      27763.410 
  1.550   2.550      28663.252 
  1.600   2.550      29387.515 
  1.650   2.550      29936.199 
  1.700   2.550      30440.988 
  1.750   2.550      31011.620 
  1.800   2.550      31988.277 
  1.850   2.550      32964.935 
  1.900   2.550      34303.724 
  1.950   2.550      35774.197 
  2.000   2.550      36286.302 
  2.050   2.550      36851.446 
  2.100   2.550      37469.630 
  2.150   2.550      37486.091 
  2.200   2.550      37420.249 
  2.250   2.550      37189.802 
  2.300   2.550      36959.354 
  2.350   2.550      36783.775 
  2.400   2.550      36608.196 
  2.450   2.550      36608.196 
  2.500   2.550      36608.196 
  2.550   2.550      36608.196 
  2.600   2.550      36608.196 
  2.650   2.550      36608.196 
  2.700   2.550      36608.196 
  2.750   2.550      36608.196 
  2.800   2.550      36608.196 
  2.850   2.550      36608.196 
  2.900   2.550      36608.196 
  2.950   2.550      36608.196 
  3.000   2.550      36608.196 

  0.250   2.600     154399.678 
  0.300   2.600     154399.678 
  0.350   2.600     154399.678 
  0.400   2.600     154399.678 
  0.450   2.600     154399.678 
  0.500   2.600     145335.418 
  0.550   2.600     136271.158 
  0.600   2.600     113599.535 
  0.650   2.600      87350.493 
  0.700   2.600      63954.607 
  0.750   2.600      47472.140 
  0.800   2.600      36059.512 
  0.850   2.600      28334.042 
  0.900   2.600      23330.044 
  0.950   2.600      20323.255 
  1.000   2.600      18764.993 
  1.050   2.600      18260.204 
  1.100   2.600      18523.572 
  1.150   2.600      19335.624 
  1.200   2.600      20498.834 
  1.250   2.600      21925.413 
  1.300   2.600      23461.728 
  1.350   2.600      25041.938 
  1.400   2.600      26512.411 
  1.450   2.600      27851.200 
  1.500   2.600      28948.568 
  1.550   2.600      29826.462 
  1.600   2.600      30506.830 
  1.650   2.600      31011.620 
  1.700   2.600      31406.672 
  1.750   2.600      31801.725 
  1.800   2.600      32525.988 
  1.850   2.600      33250.250 
  1.900   2.600      34413.460 
  1.950   2.600      35708.355 
  2.000   2.600      36213.144 
  2.050   2.600      36717.933 
  2.100   2.600      37222.723 
  2.150   2.600      37189.802 
  2.200   2.600      37156.880 
  2.250   2.600      36926.433 
  2.300   2.600      36695.986 
  2.350   2.600      36520.407 
  2.400   2.600      36344.828 
  2.450   2.600      36344.828 
  2.500   2.600      36344.828 
  2.550   2.600      36344.828 
  2.600   2.600      36344.828 
  2.650   2.600      36344.828 
  2.700   2.600      36344.828 
  2.750   2.600      36344.828 
  2.800   2.600      36344.828 
  2.850   2.600      36344.828 
  2.900   2.600      36344.828 
  2.950   2.600      36344.828 
  3.000   2.600      36344.828 

  0.250   2.650     154805.704 
  0.300   2.650     154805.704 
  0.350   2.650     154805.704 
  0.400   2.650     154805.704 
  0.450   2.650     154805.704 
  0.500   2.650     145675.602 
  0.550   2.650     136611.342 
  0.600   2.650     113939.719 
  0.650   2.650      87701.651 
  0.700   2.650      64305.765 
  0.750   2.650      47834.271 
  0.800   2.650      36432.618 
  0.850   2.650      28718.121 
  0.900   2.650      23725.096 
  0.950   2.650      20729.282 
  1.000   2.650      19192.966 
  1.050   2.650      18710.124 
  1.100   2.650      18995.440 
  1.150   2.650      19818.466 
  1.200   2.650      21014.597 
  1.250   2.650      22463.123 
  1.300   2.650      24032.359 
  1.350   2.650      25645.490 
  1.400   2.650      27170.832 
  1.450   2.650      28520.594 
  1.500   2.650      29628.936 
  1.550   2.650      30495.857 
  1.600   2.650      31143.304 
  1.650   2.650      31615.172 
  1.700   2.650      31966.330 
  1.750   2.650      32284.567 
  1.800   2.650      32833.251 
  1.850   2.650      33568.487 
  1.900   2.650      34523.197 
  1.950   2.650      35697.381 
  2.000   2.650      36366.776 
  2.050   2.650      36871.565 
  2.100   2.650      37058.117 
  2.150   2.650      37025.196 
  2.200   2.650      36959.354 
  2.250   2.650      36717.933 
  2.300   2.650      36487.486 
  2.350   2.650      36311.907 
  2.400   2.650      36136.328 
  2.450   2.650      36136.328 
  2.500   2.650      36136.328 
  2.550   2.650      36136.328 
  2.600   2.650      36136.328 
  2.650   2.650      36136.328 
  2.700   2.650      36136.328 
  2.750   2.650      36136.328 
  2.800   2.650      36136.328 
  2.850   2.650      36136.328 
  2.900   2.650      36136.328 
  2.950   2.650      36136.328 
  3.000   2.650      36136.328 

  0.250   2.700     155211.730 
  0.300   2.700     155211.730 
  0.350   2.700     155211.730 
  0.400   2.700     155211.730 
  0.450   2.700     155211.730 
  0.500   2.700     146081.628 
  0.550   2.700     136951.526 
  0.600   2.700     114279.904 
  0.650   2.700      88052.808 
  0.700   2.700      64656.923 
  0.750   2.700      48196.403 
  0.800   2.700      36805.723 
  0.850   2.700      29102.199 
  0.900   2.700      24120.149 
  0.950   2.700      21135.308 
  1.000   2.700      19620.940 
  1.050   2.700      19160.045 
  1.100   2.700      19467.308 
  1.150   2.700      20301.308 
  1.200   2.700      21530.360 
  1.250   2.700      23000.833 
  1.300   2.700      24602.991 
  1.350   2.700      26249.043 
  1.400   2.700      27829.252 
  1.450   2.700      29189.989 
  1.500   2.700      30309.304 
  1.550   2.700      31165.251 
  1.600   2.700      31779.777 
  1.650   2.700      32218.724 
  1.700   2.700      32525.988 
  1.750   2.700      32767.408 
  1.800   2.700      33140.514 
  1.850   2.700      33886.724 
  1.900   2.700      34632.934 
  1.950   2.700      35686.407 
  2.000   2.700      36520.407 
  2.050   2.700      36706.960 
  2.100   2.700      36893.512 
  2.150   2.700      36827.670 
  2.200   2.700      36761.828 
  2.250   2.700      36520.407 
  2.300   2.700      36278.986 
  2.350   2.700      36103.407 
  2.400   2.700      35927.828 
  2.450   2.700      35927.828 
  2.500   2.700      35927.828 
  2.550   2.700      35927.828 
  2.600   2.700      35927.828 
  2.650   2.700      35927.828 
  2.700   2.700      35927.828 
  2.750   2.700      35927.828 
  2.800   2.700      35927.828 
  2.850   2.700      35927.828 
  2.900   2.700      35927.828 
  2.950   2.700      35927.828 
  3.000   2.700      35927.828 

  0.250   2.750     155639.703 
  0.300   2.750     155639.703 
  0.350   2.750     155639.703 
  0.400   2.750     155639.703 
  0.450   2.750     155639.703 
  0.500   2.750     146509.602 
  0.550   2.750     146509.602 
  0.600   2.750     113753.167 
  0.650   2.750      85364.257 
  0.700   2.750      62824.318 
  0.750   2.750      46978.324 
  0.800   2.750      36026.591 
  0.850   2.750      28663.252 
  0.900   2.750      23922.622 
  0.950   2.750      21135.308 
  1.000   2.750      19763.598 
  1.050   2.750      19423.414 
  1.100   2.750      19818.466 
  1.150   2.750      20740.255 
  1.200   2.750      22035.149 
  1.250   2.750      23560.491 
  1.300   2.750      25228.490 
  1.350   2.750      26962.332 
  1.400   2.750      28652.278 
  1.450   2.750      30100.804 
  1.500   2.750      31198.172 
  1.550   2.750      31999.251 
  1.600   2.750      32569.882 
  1.650   2.750      32953.961 
  1.700   2.750      33206.356 
  1.750   2.750      33370.961 
  1.800   2.750      33579.461 
  1.850   2.750      33941.592 
  1.900   2.750      34793.881 
  1.950   2.750      35752.249 
  2.000   2.750      36695.986 
  2.050   2.750      36882.538 
  2.100   2.750      36981.302 
  2.150   2.750      36652.091 
  2.200   2.750      36586.249 
  2.250   2.750      36344.828 
  2.300   2.750      36114.381 
  2.350   2.750      35938.802 
  2.400   2.750      35763.223 
  2.450   2.750      35763.223 
  2.500   2.750      35763.223 
  2.550   2.750      35763.223 
  2.600   2.750      35763.223 
  2.650   2.750      35763.223 
  2.700   2.750      35763.223 
  2.750   2.750      35763.223 
  2.800   2.750      35763.223 
  2.850   2.750      35763.223 
  2.900   2.750      35763.223 
  2.950   2.750      35763.223 
  3.000   2.750      35763.223 

  0.250   2.800     156067.677 
  0.300   2.800     156067.677 
  0.350   2.800     156067.677 
  0.400   2.800     156067.677 
  0.450   2.800     156067.677 
  0.500   2.800     156067.677 
  0.550   2.800     156067.677 
  0.600   2.800     113226.430 
  0.650   2.800      82675.705 
  0.700   2.800      60991.713 
  0.750   2.800      45760.246 
  0.800   2.800      35247.460 
  0.850   2.800      28224.305 
  0.900   2.800      23725.096 
  0.950   2.800      21135.308 
  1.000   2.800      19906.256 
  1.050   2.800      19686.782 
  1.100   2.800      20169.624 
  1.150   2.800      21179.202 
  1.200   2.800      22539.939 
  1.250   2.800      24120.149 
  1.300   2.800      25853.990 
  1.350   2.800      27675.621 
  1.400   2.800      29475.304 
  1.450   2.800      31011.620 
  1.500   2.800      32087.040 
  1.550   2.800      32833.251 
  1.600   2.800      33359.987 
  1.650   2.800      33689.198 
  1.700   2.800      33886.724 
  1.750   2.800      33974.513 
  1.800   2.800      34018.408 
  1.850   2.800      33996.461 
  1.900   2.800      34954.829 
  1.950   2.800      35913.197 
  2.000   2.800      36871.565 
  2.050   2.800      36970.328 
  2.100   2.800      37069.091 
  2.150   2.800      36739.881 
  2.200   2.800      36410.670 
  2.250   2.800      36180.223 
  2.300   2.800      35949.776 
  2.350   2.800      35774.197 
  2.400   2.800      35598.618 
  2.450   2.800      35598.618 
  2.500   2.800      35598.618 
  2.550   2.800      35598.618 
  2.600   2.800      35598.618 
  2.650   2.800      35598.618 
  2.700   2.800      35598.618 
  2.750   2.800      35598.618 
  2.800   2.800      35598.618 
  2.850   2.800      35598.618 
  2.900   2.800      35598.618 
  2.950   2.800      35598.618 
  3.000   2.800      35598.618 

  0.250   2.850     156495.650 
  0.300   2.850     156495.650 
  0.350   2.850     156495.650 
  0.400   2.850     156495.650 
  0.450   2.850     156495.650 
  0.500   2.850     156495.650 
  0.550   2.850     156495.650 
  0.600   2.850     113654.404 
  0.650   2.850      83103.679 
  0.700   2.850      61419.687 
  0.750   2.850      46188.219 
  0.800   2.850      35686.407 
  0.850   2.850      28674.226 
  0.900   2.850      24196.964 
  0.950   2.850      21607.176 
  1.000   2.850      20389.097 
  1.050   2.850      20180.598 
  1.100   2.850      20685.387 
  1.150   2.850      21716.913 
  1.200   2.850      23099.596 
  1.250   2.850      24701.754 
  1.300   2.850      26457.542 
  1.350   2.850      28301.121 
  1.400   2.850      30155.673 
  1.450   2.850      31768.804 
  1.500   2.850      32822.277 
  1.550   2.850      33524.592 
  1.600   2.850      33985.487 
  1.650   2.850      34259.829 
  1.700   2.850      34402.487 
  1.750   2.850      34457.355 
  1.800   2.850      34457.355 
  1.850   2.850      34402.487 
  1.900   2.850      34742.671 
  1.950   2.850      35701.039 
  2.000   2.850      36838.644 
  2.050   2.850      36937.407 
  2.100   2.850      36926.433 
  2.150   2.850      36597.223 
  2.200   2.850      36289.960 
  2.250   2.850      36059.512 
  2.300   2.850      35829.065 
  2.350   2.850      35664.460 
  2.400   2.850      35488.881 
  2.450   2.850      35488.881 
  2.500   2.850      35488.881 
  2.550   2.850      35488.881 
  2.600   2.850      35488.881 
  2.650   2.850      35488.881 
  2.700   2.850      35488.881 
  2.750   2.850      35488.881 
  2.800   2.850      35488.881 
  2.850   2.850      35488.881 
  2.900   2.850      35488.881 
  2.950   2.850      35488.881 
  3.000   2.850      35488.881 

  0.250   2.900     156923.624 
  0.300   2.900     156923.624 
  0.350   2.900     156923.624 
  0.400   2.900     156923.624 
  0.450   2.900     156923.624 
  0.500   2.900     156923.624 
  0.550   2.900     156923.624 
  0.600   2.900     114082.377 
  0.650   2.900      83531.652 
  0.700   2.900      61847.660 
  0.750   2.900      46616.193 
  0.800   2.900      36125.355 
  0.850   2.900      29124.147 
  0.900   2.900      24668.833 
  0.950   2.900      22079.044 
  1.000   2.900      20871.939 
  1.050   2.900      20674.413 
  1.100   2.900      21201.150 
  1.150   2.900      22254.623 
  1.200   2.900      23659.254 
  1.250   2.900      25283.359 
  1.300   2.900      27061.095 
  1.350   2.900      28926.620 
  1.400   2.900      30836.041 
  1.450   2.900      32525.988 
  1.500   2.900      33557.513 
  1.550   2.900      34215.934 
  1.600   2.900      34610.987 
  1.650   2.900      34830.460 
  1.700   2.900      34918.250 
  1.750   2.900      34940.197 
  1.800   2.900      34896.302 
  1.850   2.900      34808.513 
  1.900   2.900      35148.697 
  1.950   2.900      35488.881 
  2.000   2.900      36805.723 
  2.050   2.900      36794.749 
  2.100   2.900      36783.775 
  2.150   2.900      36476.512 
  2.200   2.900      36169.249 
  2.250   2.900      35938.802 
  2.300   2.900      35708.355 
  2.350   2.900      35543.750 
  2.400   2.900      35379.144 
  2.450   2.900      35379.144 
  2.500   2.900      35379.144 
  2.550   2.900      35379.144 
  2.600   2.900      35379.144 
  2.650   2.900      35379.144 
  2.700   2.900      35379.144 
  2.750   2.900      35379.144 
  2.800   2.900      35379.144 
  2.850   2.900      35379.144 
  2.900   2.900      35379.144 
  2.950   2.900      35379.144 
  3.000   2.900      35379.144 

  0.250   2.950     157346.111 
  0.300   2.950     157346.111 
  0.350   2.950     157346.111 
  0.400   2.950     157346.111 
  0.450   2.950     157346.111 
  0.500   2.950     157346.111 
  0.550   2.950     157346.111 
  0.600   2.950     114504.864 
  0.650   2.950      83948.652 
  0.700   2.950      62264.660 
  0.750   2.950      47038.679 
  0.800   2.950      36553.328 
  0.850   2.950      29552.120 
  0.900   2.950      25102.293 
  0.950   2.950      22523.478 
  1.000   2.950      21327.347 
  1.050   2.950      21140.795 
  1.100   2.950      21678.505 
  1.150   2.950      22742.952 
  1.200   2.950      24158.557 
  1.250   2.950      25804.609 
  1.300   2.950      27598.805 
  1.350   2.950      29480.791 
  1.400   2.950      31412.159 
  1.450   2.950      33162.461 
  1.500   2.950      34320.184 
  1.550   2.950      34775.592 
  1.600   2.950      35104.802 
  1.650   2.950      35269.408 
  1.700   2.950      35307.815 
  1.750   2.950      35285.868 
  1.800   2.950      35203.565 
  1.850   2.950      35174.760 
  1.900   2.950      35370.914 
  1.950   2.950      35711.098 
  2.000   2.950      36783.775 
  2.050   2.950      36772.802 
  2.100   2.950      36712.446 
  2.150   2.950      36416.157 
  2.200   2.950      36108.894 
  2.250   2.950      35872.960 
  2.300   2.950      35642.513 
  2.350   2.950      35472.421 
  2.400   2.950      35307.815 
  2.450   2.950      35307.815 
  2.500   2.950      35307.815 
  2.550   2.950      35307.815 
  2.600   2.950      35307.815 
  2.650   2.950      35307.815 
  2.700   2.950      35307.815 
  2.750   2.950      35307.815 
  2.800   2.950      35307.815 
  2.850   2.950      35307.815 
  2.900   2.950      35307.815 
  2.950   2.950      35307.815 
  3.000   2.950      35307.815 

  0.250   3.000     157768.597 
  0.300   3.000     157768.597 
  0.350   3.000     157768.597 
  0.400   3.000     157768.597 
  0.450   3.000     157768.597 
  0.500   3.000     157768.597 
  0.550   3.000     157768.597 
  0.600   3.000     114927.351 
  0.650   3.000      84365.652 
  0.700   3.000      62681.660 
  0.750   3.000      47461.166 
  0.800   3.000      36981.302 
  0.850   3.000      29980.094 
  0.900   3.000      25535.753 
  0.950   3.000      22967.912 
  1.000   3.000      21782.755 
  1.050   3.000      21607.176 
  1.100   3.000      22155.860 
  1.150   3.000      23231.281 
  1.200   3.000      24657.859 
  1.250   3.000      26325.858 
  1.300   3.000      28136.516 
  1.350   3.000      30034.962 
  1.400   3.000      31988.277 
  1.450   3.000      33798.934 
  1.500   3.000      35082.855 
  1.550   3.000      35335.250 
  1.600   3.000      35598.618 
  1.650   3.000      35708.355 
  1.700   3.000      35697.381 
  1.750   3.000      35631.539 
  1.800   3.000      35510.828 
  1.850   3.000      35541.006 
  1.900   3.000      35689.151 
  1.950   3.000      35933.315 
  2.000   3.000      36761.828 
  2.050   3.000      36750.854 
  2.100   3.000      36641.118 
  2.150   3.000      36355.802 
  2.200   3.000      36048.539 
  2.250   3.000      35807.118 
  2.300   3.000      35576.671 
  2.350   3.000      35401.092 
  2.400   3.000      35236.486 
  2.450   3.000      35236.486 
  2.500   3.000      35236.486 
  2.550   3.000      35236.486 
  2.600   3.000      35236.486 
  2.650   3.000      35236.486 
  2.700   3.000      35236.486 
  2.750   3.000      35236.486 
  2.800   3.000      35236.486 
  2.850   3.000      35236.486 
  2.900   3.000      35236.486 
  2.950   3.000      35236.486 
  3.000   3.000      35236.486 

  0.250   3.050     158191.084 
  0.300   3.050     158191.084 
  0.350   3.050     158191.084 
  0.400   3.050     158191.084 
  0.450   3.050     158191.084 
  0.500   3.050     158191.084 
  0.550   3.050     158191.084 
  0.600   3.050     115349.837 
  0.650   3.050      84782.652 
  0.700   3.050      63098.660 
  0.750   3.050      47883.653 
  0.800   3.050      37409.275 
  0.850   3.050      30408.067 
  0.900   3.050      25969.214 
  0.950   3.050      23412.346 
  1.000   3.050      22238.163 
  1.050   3.050      22073.557 
  1.100   3.050      22633.215 
  1.150   3.050      23719.609 
  1.200   3.050      25157.161 
  1.250   3.050      26847.108 
  1.300   3.050      28674.226 
  1.350   3.050      30589.133 
  1.400   3.050      32564.395 
  1.450   3.050      34435.408 
  1.500   3.050      35845.526 
  1.550   3.050      35894.907 
  1.600   3.050      36092.434 
  1.650   3.050      36147.302 
  1.700   3.050      36086.947 
  1.750   3.050      35977.210 
  1.800   3.050      35818.092 
  1.850   3.050      35907.253 
  1.900   3.050      36055.397 
  1.950   3.050      36203.542 
  2.000   3.050      36739.881 
  2.050   3.050      36679.525 
  2.100   3.050      36569.789 
  2.150   3.050      36284.473 
  2.200   3.050      35988.184 
  2.250   3.050      35746.763 
  2.300   3.050      35510.828 
  2.350   3.050      35335.250 
  2.400   3.050      35165.158 
  2.450   3.050      35165.158 
  2.500   3.050      35165.158 
  2.550   3.050      35165.158 
  2.600   3.050      35165.158 
  2.650   3.050      35165.158 
  2.700   3.050      35165.158 
  2.750   3.050      35165.158 
  2.800   3.050      35165.158 
  2.850   3.050      35165.158 
  2.900   3.050      35165.158 
  2.950   3.050      35165.158 
  3.000   3.050      35165.158 

  0.250   3.100     158613.571 
  0.300   3.100     158613.571 
  0.350   3.100     158613.571 
  0.400   3.100     158613.571 
  0.450   3.100     158613.571 
  0.500   3.100     158613.571 
  0.550   3.100     158613.571 
  0.600   3.100     115772.324 
  0.650   3.100      85199.652 
  0.700   3.100      63515.660 
  0.750   3.100      48306.139 
  0.800   3.100      37837.249 
  0.850   3.100      30836.041 
  0.900   3.100      26402.674 
  0.950   3.100      23856.780 
  1.000   3.100      22693.570 
  1.050   3.100      22539.939 
  1.100   3.100      23110.570 
  1.150   3.100      24207.938 
  1.200   3.100      25656.464 
  1.250   3.100      27368.358 
  1.300   3.100      29211.936 
  1.350   3.100      31143.304 
  1.400   3.100      33140.514 
  1.450   3.100      35071.881 
  1.500   3.100      36608.196 
  1.550   3.100      36454.565 
  1.600   3.100      36586.249 
  1.650   3.100      36586.249 
  1.700   3.100      36476.512 
  1.750   3.100      36322.881 
  1.800   3.100      36125.355 
  1.850   3.100      36273.499 
  1.900   3.100      36421.644 
  1.950   3.100      36569.789 
  2.000   3.100      36717.933 
  2.050   3.100      36608.196 
  2.100   3.100      36498.460 
  2.150   3.100      36213.144 
  2.200   3.100      35927.828 
  2.250   3.100      35686.407 
  2.300   3.100      35444.986 
  2.350   3.100      35269.408 
  2.400   3.100      35093.829 
  2.450   3.100      35093.829 
  2.500   3.100      35093.829 
  2.550   3.100      35093.829 
  2.600   3.100      35093.829 
  2.650   3.100      35093.829 
  2.700   3.100      35093.829 
  2.750   3.100       35093.829 
  2.800   3.100       35093.829 
  2.850   3.100       35093.829 
  2.900   3.100       35093.829 
  2.950   3.100       35093.829 
  3.000   3.100       35093.829 