% Copyright information lost in history
%
% X 1-Sigma_g groundstate surface of Na2
% Values are given in Angstroem and eV
%
% Thanks to Volker Engel for supplying the data
2.02762          1.43136
2.04436          1.32416
2.0611          1.23066
2.07785          1.14849
2.09459          1.07558
2.11133          1.01038
2.12808         0.951577
2.14482         0.897988
2.16156         0.848734
2.17831         0.803072
2.19505         0.760327
2.21179         0.720062
2.22854         0.677387
2.24528         0.613982
2.26203         0.583911
2.27877         0.554869
2.29551         0.526804
2.31226         0.499688
2.329         0.473498
2.34574         0.448222
2.36249         0.423838
2.37923         0.400334
2.39597         0.377689
2.41272         0.355889
2.42946         0.334915
2.4462         0.314752
2.46295          0.29538
2.47969         0.276785
2.49643         0.258948
2.51318         0.241853
2.52992         0.225485
2.54666         0.209827
2.56341         0.194864
2.58015         0.180581
2.5969         0.166962
2.61364         0.153989
2.63038         0.141653
2.64713          0.12994
2.66387         0.118826
2.68061         0.108312
2.69736         0.098368
2.7141        0.0889958
2.73084        0.0801653
2.74759        0.0718875
2.76433         0.064109
2.78107        0.0568794
2.79782        0.0501219
2.81456        0.0437849
2.8313        0.0379436
2.84805        0.0326356
2.86479        0.0278841
2.88153        0.0235588
2.89828        0.0195987
2.91502         0.015986
2.93176        0.0127027
2.94851       0.00973089
2.96525       0.00719134
2.982        0.0052059
2.99874       0.00365543
3.01548       0.00232538
3.03223       0.00125406
3.04897       0.00048549
3.06571      6.36581e-05
3.08246      2.74853e-05
3.0992      0.000307645
3.11594      0.000857906
3.13269       0.00166433
3.14943       0.00271298
3.16617       0.00398994
3.18292       0.00548339
3.19966       0.00723898
3.2164       0.00935613
3.23315        0.0118079
3.24989        0.0143851
3.26663        0.0170989
3.28338        0.0199681
3.30012        0.0230119
3.31687        0.0262491
3.33361        0.0296984
3.35035        0.0333321
3.3671        0.0371286
3.38384        0.0410974
3.40058        0.0452482
3.41733        0.0495876
3.43407        0.0540339
3.45081        0.0585698
3.46756        0.0632305
3.4843         0.068051
3.50104        0.0729928
3.51779        0.0780158
3.53453        0.0831452
3.55127        0.0884026
3.56802        0.0937416
3.58476        0.0991565
3.6015         0.104668
3.61825          0.11027
3.63499         0.115929
3.65174         0.121661
3.66848         0.127474
3.68522         0.133335
3.70197          0.13925
3.71871         0.145231
3.73545         0.151251
3.7522         0.157314
3.76894         0.163427
3.78568          0.16957
3.80243         0.175745
3.81917         0.181958
3.83591         0.188189
3.85266         0.194442
3.8694         0.200723
3.88614         0.207011
3.90289         0.213315
3.91963         0.219633
3.93637         0.225953
3.95312         0.232276
3.96986         0.238598
3.9866         0.244924
4.00335         0.251245
4.02009         0.257557
4.03684          0.26386
4.05358         0.270154
4.07032         0.276429
4.08707          0.28269
4.10381         0.288935
4.12055         0.295153
4.1373         0.301353
4.15404         0.307527
4.17078         0.313673
4.18753         0.319794
4.20427         0.325879
4.22101         0.331936
4.23776          0.33796
4.2545         0.343944
4.27124         0.349896
4.28799         0.355807
4.30473         0.361677
4.32147          0.36751
4.33822         0.373297
4.35496         0.379042
4.37171         0.384742
4.38845         0.390395
4.40519         0.396003
4.42194         0.401562
4.43868         0.407071
4.45542         0.412532
4.47217         0.417941
4.48891         0.423298
4.50565         0.428604
4.5224         0.433856
4.53914         0.439054
4.55588           0.4442
4.57263         0.449288
4.58937         0.454322
4.60611         0.459302
4.62286         0.464223
4.6396          0.46909
4.65634         0.473897
4.67309         0.478647
4.68983         0.483342
4.70658         0.487977
4.72332         0.492555
4.74006         0.497075
4.75681         0.501535
4.77355         0.505937
4.79029         0.510282
4.80704         0.514568
4.82378         0.518795
4.84052         0.522964
4.85727         0.527074
4.87401         0.531125
4.89075          0.53512
4.9075         0.539057
4.92424         0.542934
4.94098         0.546754
4.95773         0.550518
4.97447         0.554224
4.99121         0.557872
5.00796         0.561466
5.0247         0.565002
5.04145         0.568483
5.05819         0.571908
5.07493         0.575278
5.09168         0.578593
5.10842         0.581854
5.12516         0.585061
5.14191         0.588215
5.15865         0.591316
5.17539         0.594364
5.19214          0.59736
5.20888         0.600305
5.22562         0.603199
5.24237         0.606043
5.25911         0.608828
5.27585         0.611557
5.29258          0.61425
5.30936         0.616924
5.32608         0.619506
5.34286          0.62199
5.35958         0.624466
5.3763          0.62703
5.39308         0.629975
5.4098         0.633279
5.42658          0.63648
5.4433         0.639164
5.46002         0.641605
5.4768         0.643953
5.49352         0.646225
5.51024         0.648446
5.52702         0.650659
5.54374         0.652845
5.56052         0.654983
5.57724         0.657074
5.59396         0.659126
5.61074         0.661133
5.62746         0.663092
5.64424         0.665008
5.66096         0.666886
5.67768         0.668726
5.69446         0.670534
5.71118         0.672312
5.72795         0.674052
5.74468         0.675747
5.7614           0.6774
5.77818         0.679018
5.7949         0.680603
5.81167         0.682156
5.8284         0.683688
5.84512         0.685193
5.8619         0.686669
5.87862         0.688114
5.89534         0.689532
5.91212         0.690916
5.92884         0.692266
5.94561         0.693587
5.96234         0.694881
5.97906          0.69615
5.99584         0.697391
6.01256         0.698612
6.02933         0.699818
6.04606         0.701003
6.06278          0.70217
6.07956         0.703318
6.09628         0.704443
6.11305         0.705543
6.12978         0.706618
6.1465         0.707669
6.16327         0.708695
6.18         0.709699
6.19677         0.710689
6.2135         0.711666
6.23022         0.712632
6.24699          0.71359
6.26372         0.714538
6.28044         0.715466
6.29722         0.716368
6.31394         0.717248
6.33071         0.718114
6.34744         0.718968
6.36416          0.71982
6.38093         0.720667
6.39766         0.721501
6.41443         0.722319
6.43116         0.723115
6.44788         0.723896
6.46465         0.724667
6.48138          0.72543
6.49815         0.726189
6.51488         0.726943
6.5316         0.727692
6.54837         0.728434
6.5651          0.72917
6.58187         0.729893
6.59859         0.730601
6.61532         0.731294
6.63209         0.731978
6.64882         0.732653
6.66554         0.733322
6.68231         0.733988
6.69904         0.734653
6.71581         0.735316
6.73254         0.735977
6.74926         0.736636
6.76603         0.737289
6.78276         0.737935
6.79953          0.73857
6.81625         0.739193
6.83298         0.739806
6.84975         0.740415
6.86648         0.741022
6.88325         0.741627
6.89997         0.742229
6.9167         0.742832
6.93347         0.743433
6.9502         0.744032
6.96697         0.744629
6.98369         0.745218
7.00042         0.745802
7.01719         0.746383
7.03391         0.746965
7.05064         0.747544
7.06741         0.748119
7.08414         0.748687
7.10091         0.749248
7.11763         0.749804
7.13436         0.750357
7.15113         0.750909
7.16786         0.751461
7.18463          0.75201
7.20135         0.752557
7.21808         0.753099
7.23485         0.753636
7.25157          0.75417
7.26835         0.754702
7.28507         0.755234
7.3018         0.755764
7.31857         0.756287
7.33529         0.756805
7.35207         0.757315
7.36879         0.757819
7.38552          0.75832
7.40229         0.758818
7.41901         0.759315
7.43574         0.759809
7.45251         0.760299
7.46923         0.760782
7.48601          0.76126
7.50273         0.761733
7.51946         0.762206
7.53623         0.762672
7.55295         0.763133
7.56973         0.763586
7.58645          0.76403
7.60318         0.764459
7.61995         0.764878
7.63667         0.765288
7.65345         0.765691
7.67017         0.766089
7.68689         0.766481
7.70367         0.766868
7.72039         0.767248
7.73717          0.76762
7.75389         0.767987
7.77061         0.768344
7.78739         0.768687
7.80411         0.769017
7.82084         0.769331
7.83761         0.769625
7.85433         0.769907
7.87111         0.770185
7.88783         0.770463
7.90455         0.770728
7.92133         0.770977
7.93805         0.771212
7.95483         0.771436
7.97155         0.771657
7.98827         0.771874
8.00505         0.772086
8.02177         0.772294
8.03855         0.772499
8.05527         0.772699
8.07205         0.772894
8.08877         0.773087
8.10549         0.773275
8.12227          0.77346
8.13899         0.773641
8.15571         0.773818
8.17249         0.773991
8.18921         0.774161
8.20599         0.774325
8.22271         0.774488
8.23943         0.774645
8.25621           0.7748
8.27293          0.77495
8.28971         0.775098
8.30643         0.775241
8.32315         0.775381
8.33993         0.775517
8.35665          0.77565
8.37343         0.775779
8.39015         0.775904
8.40687         0.776027
8.42365         0.776146
8.44037         0.776261
8.45715         0.776373
8.47387         0.776481
8.49059         0.776586
8.50737         0.776688
8.52409         0.776787
8.54086         0.776881
8.55759         0.776973
8.57431         0.777062
8.59109         0.777148
8.60781          0.77723
8.62453         0.777309
8.64131         0.777385
8.65803         0.777458
8.67481         0.777527
8.69153         0.777594
8.70825         0.777657
8.72503         0.777718
8.74175         0.777775
8.75852          0.77783
8.77525         0.777882
8.79197          0.77793
8.80875         0.777976
8.82547         0.778019
8.84224         0.778059
8.85897         0.778096
8.87569         0.778131
8.89247         0.778162
8.90919         0.778192
8.92596         0.778218
8.94269         0.778241
8.95941         0.778261
8.97618          0.77828
8.99291         0.778295
9.00963         0.778307
9.02641         0.778318
9.04313         0.778326
9.0599         0.778331
9.07663         0.778333
9.09335         0.778333
9.11013         0.778331
9.12685         0.778326
9.14362         0.778318
9.16035         0.778308
9.17707         0.778296
9.19384         0.778281
9.21057         0.778265
9.22734         0.778245
9.24407         0.778224
9.26079           0.7782
9.27756         0.778174
9.29429         0.778146
9.31106         0.778116
9.32779         0.778084
9.34451         0.778049
9.36128         0.778012
9.37801         0.777974
9.39473         0.777933
9.4115         0.777889
9.42823         0.777845
9.445         0.777797
9.46173         0.777748
9.47845         0.777697
9.49522         0.777644
9.51195         0.777589
9.52872         0.777532
9.54545         0.777474
9.56217         0.777413
9.57894         0.777351
9.59567         0.777288
9.61244         0.777222
9.62916         0.777154
9.64589         0.777084
9.66266         0.777014
9.67939         0.776942
9.69616         0.776867
9.71288         0.776792
9.72961         0.776714
9.74638         0.776634
9.7631         0.776554
9.77983         0.776472
9.7966         0.776389
9.81333         0.776303
9.8301         0.776218
9.84682          0.77613
9.86355          0.77604
9.88032         0.775949
9.89705         0.775857
9.91382         0.775764
9.93054         0.775668
9.94727         0.775573
9.96404         0.775475
9.98076         0.775377
9.99754         0.775278
10.0143         0.775176
10.031         0.775074
10.0477         0.774971
10.0645         0.774866
10.0812         0.774761
10.098         0.774655
10.1147         0.774547
10.1315         0.774438
10.1482         0.774329
10.165         0.774219
10.1817         0.774107
10.1984         0.773994
10.2152         0.773882
10.2319         0.773767
10.2487         0.773652
10.2654         0.773536
10.2822         0.773419
10.2989         0.773301
10.3156         0.773183
10.3324         0.773064
10.3491         0.772944
10.3659         0.772824
10.3826         0.772704
10.3994         0.772581
10.4161         0.772459
10.4328         0.772336
10.4496         0.772212
10.4663         0.772088
10.4831         0.771963
10.4998         0.771839
10.5166         0.771713
10.5333         0.771588
10.5501         0.771461
10.5668         0.771333
10.5835         0.771207
