% Copyright information lost in history
%
% A 1-Sigma_u surface of Na2
% Values are given in Angstroem and eV
%
% Thanks to Volker Engel for supplying the data
2.02245          4.21187
2.03402          4.16562
2.0456          4.11943
2.05718          4.07329
2.06875           4.0273
2.08033           3.9814
2.09191          3.93567
2.10348          3.89008
2.11505          3.84467
2.12663          3.79948
2.1382          3.75452
2.14978          3.70979
2.16135          3.66535
2.17293          3.62117
2.18451          3.57731
2.19608          3.53376
2.20766           3.4906
2.21924          3.44778
2.23081          3.40537
2.24239          3.36334
2.25396          3.32177
2.26554          3.28066
2.27711          3.24001
2.28869          3.19983
2.30026           3.1602
2.31184          3.12109
2.32342          3.08252
2.33499          3.04455
2.34657          3.00717
2.35815           2.9704
2.36972          2.93427
2.3813          2.89881
2.39287          2.86403
2.40445          2.82992
2.41602          2.79655
2.4276          2.76391
2.43918          2.73205
2.45075          2.70097
2.46232          2.67067
2.4739          2.64122
2.48548          2.61261
2.49705          2.58485
2.50863          2.55798
2.52021          2.53202
2.53178          2.50698
2.54336           2.4829
2.55494          2.45978
2.56651          2.43764
2.57808          2.41652
2.58966          2.39642
2.60123          2.37738
2.61281          2.35941
2.62438          2.34252
2.63596          2.32706
2.64754           2.3121
2.65911          2.29748
2.67069          2.28319
2.68227          2.26919
2.69384          2.25551
2.70542          2.24212
2.71699          2.22904
2.72857          2.21623
2.74014          2.20372
2.75172          2.19148
2.76329          2.17951
2.77487          2.16782
2.78645          2.15638
2.79802          2.14521
2.8096          2.13429
2.82118          2.12362
2.83275          2.11321
2.84433          2.10303
2.8559           2.0931
2.86748          2.08339
2.87905          2.07392
2.89063          2.06469
2.90221          2.05566
2.91378          2.04687
2.92535           2.0383
2.93693          2.02993
2.94851          2.02178
2.96008          2.01385
2.97166          2.00611
2.98324          1.99858
2.99481          1.99125
3.00639          1.98411
3.01796          1.97718
3.02954          1.97042
3.04111          1.96386
3.05269          1.95749
3.06426           1.9513
3.07584          1.94529
3.08741          1.93945
3.09899          1.93378
3.11057           1.9283
3.12214          1.92298
3.13372          1.91782
3.1453          1.91282
3.15687            1.908
3.16845          1.90333
3.18002          1.89881
3.1916          1.89445
3.20317          1.89024
3.21475          1.88619
3.22632          1.88227
3.2379           1.8785
3.24948          1.87487
3.26105           1.8714
3.27263          1.86804
3.28421          1.86481
3.29578          1.86172
3.30736          1.85878
3.31893          1.85596
3.33051          1.85327
3.34208          1.85069
3.35366          1.84824
3.36523          1.84591
3.37681          1.84371
3.38838          1.84161
3.39996          1.83964
3.41154          1.83778
3.42311          1.83602
3.43469          1.83437
3.44627          1.83282
3.45784          1.83137
3.46942          1.83002
3.48099          1.82878
3.49257          1.82764
3.50414          1.82658
3.51572          1.82564
3.52729           1.8248
3.53887          1.82403
3.55044          1.82335
3.56202          1.82276
3.5736          1.82228
3.58517          1.82187
3.59675          1.82156
3.60833          1.82132
3.6199          1.82118
3.63148           1.8211
3.64305          1.82111
3.65463           1.8212
3.6662          1.82136
3.67778           1.8216
3.68935          1.82189
3.70093          1.82228
3.71251          1.82271
3.72408          1.82322
3.73566          1.82379
3.74724          1.82444
3.75881          1.82514
3.77039          1.82592
3.78196          1.82677
3.79354          1.82767
3.80511          1.82863
3.81669          1.82964
3.82826          1.83074
3.83984          1.83188
3.85141          1.83307
3.86299          1.83432
3.87457          1.83563
3.88614            1.837
3.89772          1.83841
3.9093          1.83987
3.92087          1.84139
3.93245          1.84295
3.94402          1.84456
3.9556          1.84622
3.96717          1.84793
3.97875          1.84968
3.99032          1.85148
4.0019          1.85332
4.01347          1.85519
4.02505          1.85711
4.03663          1.85908
4.0482          1.86109
4.05978          1.86314
4.07136          1.86522
4.08293          1.86734
4.09451           1.8695
4.10608          1.87169
4.11766          1.87393
4.12923          1.87619
4.14081           1.8785
4.15238          1.88083
4.16396           1.8832
4.17554          1.88559
4.18711          1.88802
4.19869          1.89049
4.21026          1.89298
4.22184          1.89551
4.23342          1.89806
4.24499          1.90063
4.25657          1.90324
4.26814          1.90588
4.27972          1.90853
4.29129          1.91122
4.30287          1.91393
4.31444          1.91667
4.32602          1.91943
4.3376          1.92221
4.34917          1.92503
4.36075          1.92785
4.37233           1.9307
4.3839          1.93357
4.39548          1.93646
4.40705          1.93937
4.41863          1.94231
4.4302          1.94526
4.44178          1.94824
4.45335          1.95123
4.46493          1.95423
4.4765          1.95725
4.48808          1.96029
4.49966          1.96335
4.51123          1.96643
4.52281          1.96952
4.53439          1.97262
4.54596          1.97574
4.55754          1.97887
4.56911          1.98202
4.58069          1.98518
4.59226          1.98835
4.60384          1.99154
4.61541          1.99473
4.62699          1.99794
4.63857          2.00116
4.65014           2.0044
4.66172          2.00763
4.67329          2.01088
4.68487          2.01416
4.69645          2.01742
4.70802           2.0207
4.7196            2.024
4.73117           2.0273
4.74275           2.0306
4.75432          2.03392
4.7659          2.03725
4.77747          2.04057
4.78905           2.0439
4.80063          2.04725
4.8122           2.0506
4.82378          2.05396
4.83536          2.05732
4.84693          2.06068
4.85851          2.06405
4.87008          2.06743
4.88166          2.07081
4.89323           2.0742
4.90481          2.07758
4.91638          2.08098
4.92796          2.08438
4.93953          2.08778
4.95111          2.09117
4.96269          2.09458
4.97426          2.09799
4.98584           2.1014
4.99742          2.10481
5.00899          2.10822
5.02057          2.11163
5.03214          2.11506
5.04372          2.11847
5.05529          2.12189
5.06687          2.12531
5.07844          2.12872
5.09002          2.13214
5.10159          2.13555
5.11317          2.13898
5.12475          2.14239
5.13632          2.14581
5.1479          2.14922
5.15948          2.15264
5.17105          2.15605
5.18263          2.15946
5.1942          2.16287
5.20578          2.16627
5.21735          2.16968
5.22893          2.17308
5.2405          2.17649
5.25208          2.17988
5.26366          2.18327
5.27523          2.18667
5.28681          2.19005
5.2984          2.19344
5.30999          2.19681
5.32153          2.20019
5.33312          2.20357
5.34471          2.20693
5.3563           2.2103
5.36783          2.21366
5.37942          2.21701
5.39101          2.22036
5.4026           2.2237
5.41414          2.22705
5.42573          2.23039
5.43727          2.23371
5.44885          2.23703
5.46044          2.24036
5.47203          2.24367
5.48362          2.24698
5.49521          2.25028
5.5067          2.25358
5.51829          2.25686
5.52988          2.26015
5.54146          2.26342
5.55305           2.2667
5.56459          2.26996
5.57618          2.27321
5.58777          2.27645
5.59931           2.2797
5.6109          2.28293
5.62249          2.28616
5.63407          2.28937
5.64561          2.29259
5.6572          2.29579
5.66879          2.29898
5.68038          2.30217
5.69192          2.30536
5.70351          2.30852
5.7151          2.31168
5.72668          2.31484
5.73822          2.31798
5.74981          2.32112
5.7614          2.32426
5.77299          2.32737
5.78453          2.33048
5.79612          2.33358
5.80771          2.33668
5.81929          2.33976
5.83083          2.34283
5.84242          2.34588
5.85401          2.34893
5.8656          2.35196
5.87714          2.35498
5.88873          2.35798
5.90032          2.36098
5.9119          2.36397
5.92344          2.36695
5.93503          2.36991
5.94662          2.37286
5.95821           2.3758
5.96975          2.37873
5.98134          2.38164
5.99293          2.38456
6.00451          2.38745
6.01605          2.39034
6.02764           2.3932
6.03923          2.39606
6.05082          2.39892
6.06236          2.40176
6.07395           2.4046
6.08554          2.40741
6.09712          2.41021
6.10866          2.41302
6.12025          2.41581
6.13184          2.41858
6.14343          2.42135
6.15497           2.4241
6.16656          2.42685
6.17815          2.42958
6.18973          2.43231
6.20127          2.43503
6.21286          2.43774
6.22445          2.44043
6.23604          2.44312
6.24758          2.44579
6.25917          2.44847
6.27076          2.45112
6.28234          2.45376
6.29388           2.4564
6.30547          2.45903
6.31706          2.46166
6.32865          2.46426
6.34019          2.46687
6.35178          2.46946
6.36337          2.47204
6.37495          2.47461
6.38649          2.47717
6.39808          2.47973
6.40967          2.48228
6.42126          2.48481
6.4328          2.48735
6.44439          2.48987
6.45598          2.49238
6.46756          2.49488
6.4791          2.49737
6.49069          2.49986
6.50228          2.50234
6.51387          2.50481
6.52541          2.50727
6.537          2.50972
6.54859          2.51218
6.56017          2.51461
6.57171          2.51704
6.5833          2.51946
6.59489          2.52187
6.60648          2.52428
6.61802          2.52667
6.62961          2.52907
6.6412          2.53145
6.65278          2.53383
6.66432           2.5362
6.67591          2.53855
6.6875          2.54091
6.69904          2.54325
6.71063           2.5456
6.72222          2.54793
6.73381          2.55025
6.74539          2.55256
6.75688          2.55487
6.76847          2.55718
6.78006          2.55948
6.79165          2.56177
6.80324          2.56405
6.81483          2.56633
6.82636           2.5686
6.83795          2.57087
6.84949          2.57311
6.86108          2.57537
6.87267          2.57761
6.88426          2.57986
6.89579          2.58209
6.90738          2.58431
6.91897          2.58653
6.93056          2.58875
6.9421          2.59096
6.95369          2.59315
6.96528          2.59534
6.97687          2.59754
6.9884          2.59972
6.99999           2.6019
7.01158          2.60407
7.02317          2.60624
7.03471          2.60841
7.0463          2.61057
7.05789          2.61272
7.06948          2.61487
7.08101          2.61701
7.0926          2.61915
7.10419          2.62129
7.11578          2.62341
7.12732          2.62553
7.13891          2.62765
7.1505          2.62975
7.16209          2.63186
7.17362          2.63397
7.18521          2.63607
7.1968          2.63816
7.20839          2.64026
7.21993          2.64234
7.23152          2.64442
7.24311          2.64649
7.2547          2.64857
7.26623          2.65064
7.27782          2.65269
7.28941          2.65477
7.301          2.65682
7.31254          2.65887
7.32413          2.66092
7.33572          2.66296
7.34731          2.66501
7.35884          2.66704
7.37043          2.66908
7.38202          2.67111
7.39361          2.67313
7.40515          2.67516
7.41674          2.67718
7.42833          2.67919
7.43992          2.68121
7.45145          2.68322
7.46304          2.68523
7.47463          2.68724
7.48622          2.68924
7.49776          2.69123
7.50935          2.69323
7.52094          2.69523
7.53253          2.69722
7.54406          2.69921
7.55565          2.70119
7.56724          2.70318
7.57883          2.70516
7.59037          2.70714
7.60196          2.70911
7.61355          2.71109
7.62514          2.71306
7.63667          2.71503
7.64826            2.717
7.65985          2.71897
7.67144          2.72093
7.68298          2.72289
7.69457          2.72485
7.70616          2.72681
7.71775          2.72877
7.72928          2.73073
7.74087          2.73269
7.75246          2.73465
7.76405          2.73658
7.77559          2.73854
7.78718           2.7405
7.79877          2.74243
7.81036          2.74439
7.82189          2.74633
7.83348          2.74829
7.84507          2.75022
7.85666          2.75214
7.86815          2.75411
7.87974          2.75604
7.89132          2.75797
7.90291          2.75993
7.9145          2.76186
7.92609           2.7638
7.93768          2.76573
10.5835          2.76573
